255 216 255 224 0 16 74 70 73 70 0 1 1 1 0 0 0 0 0 0 255 219 0 67 0 10 7 8 9 8 6 10 9 8 9 11 11 10 12 15 25 16 15 14 14 15 31 22 23 18 25 36 32 38 38 36 32 35 34 40 45 58 49 40 43 54 43 34 35 50 68 51 54 59 61 64 65 64 39 48 71 76 70 63 75 58 63 64 62 255 219 0 67 1 11 11 11 15 13 15 29 16 16 29 62 41 35 41 62 62 62 62 62 62 62 62 62 62 62 62 62 62 62 62 62 62 62 62 62 62 62 62 62 62 62 62 62 62 62 62 62 62 62 62 62 62 62 62 62 62 62 62 62 62 
62 62 62 62 255 196 0 31 0 0 1 5 1 1 1 1 1 1 0 0 0 0 0 0 0 0 1 2 3 4 5 6 7 8 9 10 11 255 196 0 181 16 0 2 1 3 3 2 4 3 5 5 4 4 0 0 1 125 1 2 3 0 4 17 
5 18 33 49 65 6 19 81 97 7 34 113 20 50 129 145 161 8 35 66 177 193 21 82 209 240 36 51 98 114 130 9 10 22 23 24 25 26 37 38 39 40 41 42 52 53 54 55 
56 57 58 67 68 69 70 71 72 73 74 83 84 85 86 87 88 89 90 99 100 101 102 103 104 105 106 115 116 117 118 119 120 121 122 131 132 133 134 135 136 137 138 146 147 148 149 150 151 152 153 154 162 163 164 165 166 167 168 169 170 178 179 180 181 182 183 184 185 186 194 195 196 197 198 199 200 201 202 210 211 212 213 214 215 216 217 218 225 226 227 228 229 230 231 232 233 234 241 242 243 244 245 246 247 248 249 250 255 196 0 31 1 0 3 1 1 1 1 1 1 1 1 
1 0 0 0 0 0 0 1 2 3 4 5 6 7 8 9 10 11 255 196 0 181 17 0 2 1 2 4 4 3 4 7 5 4 4 0 1 2 119 0 1 2 3 17 4 5 33 49 6 18 65 81 7 97 113 19 34 50 129 8 20 66 145 161 177 193 9 35 51 82 240 21 98 114 209 10 22 36 52 225 37 241 23 24 25 26 38 39 40 41 42 53 54 55 56 57 58 67 68 69 70 71 72 73 74 83 84 85 86 87 88 89 90 99 100 101 102 103 104 105 106 115 116 117 118 119 120 121 122 130 131 132 133 134 135 136 137 138 146 147 148 149 150 151 152 153 154 
162 163 164 165 166 167 168 169 170 178 179 180 181 182 183 184 185 186 194 195 196 197 198 199 200 201 202 210 211 212 213 214 215 216 217 218 226 227 228 229 230 231 232 233 234 242 243 244 245 246 247 248 249 250 255 192 0 17 8 1 224 2 128 3 1 33 0 2 17 1 3 17 1 255 218 0 12 3 1 0 2 17 3 17 0 63 0 243 106 1 228 14 213 45 223 112 176 159 167 181 25 244 163 148 57 64 81 219 248 190 180 70 215 11 7 210 151 253 147 218 170 72 24 12 82 125 7 21 
157 181 6 216 31 90 58 142 181 87 36 82 115 77 20 45 138 190 130 250 82 118 31 90 142 186 136 79 198 148 244 205 88 196 32 83 49 218 128 184 160 83 251 113 64 9 222 151 235 67 16 206 252 210 15 106 46 85 180 18 148 10 24 175 97 231 62 180 207 90 149 160 147 29 73 143 173 48 184 195 214 138 177 133 25 193 164 6 158 159 202 115 245 171 221 235 47 180 115 203 113 59 241 75 75 169 35 123 209 218 170 218 9 131 117 227 165 37 0 37 20 134 39 227 77 53 86 24 82 47 90 66 212 90 74 67 66 119 162 128 18 146 158 131 184 148 80 32 162 128 18 138 87 1 40 170 22 161 69 0 20 82 0 165 237 76 5 165 166 33 226 165 94 181 46 228 220 181 16 173 75 88 55 26 113 57 166 119 30 20 209 5 220 158 100 163 17 39 95 122 244 8 227 72 147 108 106 20 123 85 216 234 194 199 78 97 213 87 81 183 91 139 86 7 183 53 157 109 35 115 166 106 232 249 115 222 140 1 87 169 108 96 56 227 181 56 125 40 216 91 7 175 2 147 182 59 80 38 3 138 0 244 233 78 227 2 122 210 124 190 148 182 30 172 64 49 75 218 128 176 189 233 163 166 79 13 138 0 112 200 92 80 58 226 147 1 59 210 26 105 232 3 105 57 205 33 14 90 115 19 154 58 140 74 76 230 135 112 27 69 23 0 165 20 11 112 61 105 22 159 152 88 127 74 99 30 13 82 64 52 45 7 210 164 98 123 82 83 64 107 105 252 67 87 107 25 238 115 200 74 78 105 146 7 173 24 162 246 11 8 104 166 33 61 168 20 186 20 37 52 245 30 158 212 174 1 73 
85 22 32 163 235 214 134 238 2 19 77 160 98 210 102 129 48 166 210 24 185 163 52 88 4 164 166 130 226 211 115 138 86 16 118 160 83 1 104 160 96 40 20 238 33 217 197 56 127 58 4 60 117 169 80 115 76 205 151 98 253 43 123 77 92 200 41 163 158 103 171 120 102 53 143 70 143 111 126 77 107 85 51 208 195 255 0 13 5 81 213 174 214 210 197 153 186 183 202 43 26 255 0 3 53 110 199 204 31 202 163 227 160 173 47 34 185 133 163 233 218 157 155 6 43 125 230 164 25 165 125 3 75 11 74 7 242 161 178 110 7 52 159 134 41 110 84 116 2 70 202 55 113 237 66 6 132 61 113 71 175 202 125 41 250 128 3 159 173 47 106 90 128 118 166 82 64 39 124 138 67 239 87 109 73 243 30 61 233 9 230 166 197 92 94 41 157 186 83 72 24 130 131 82 11 65 195 248 105 212 11 113 135 147 78 3 158 181 99 216 13 51 189 32 66 244 52 132 210 176 33 148 119 170 3 98 196 126 228 126 85 108 142 107 25 110 115 73 251 193 73 82 74 97 73 84 49 40 161 148 132 239 73 76 157 131 181 33 52 134 39 106 74 105 0 116 20 26 77 12 78 212 148 208 5 54 149 192 40 160 65 73 64 182 10 74 118 24 135 
173 33 160 99 169 40 0 165 166 72 81 72 66 211 133 62 131 36 29 42 84 163 83 54 93 130 183 52 249 48 245 75 185 205 45 207 69 240 166 167 23 145 246 
87 96 63 185 93 77 85 206 220 52 189 219 16 220 221 65 107 30 251 137 2 10 243 191 17 235 230 250 227 229 249 98 79 186 43 9 202 238 197 85 159 67 198 155 52 141 140 147 222 181 221 157 1 205 31 228 208 216 88 114 253 238 105 188 227 230 161 5 131 63 173 46 1 7 174 105 236 245 19 208 15 74 76 251 
212 187 12 76 224 103 25 167 83 16 159 65 72 164 251 211 67 22 146 151 65 95 176 166 163 110 180 226 2 3 74 50 125 234 134 59 160 161 58 154 155 128 
172 105 130 139 0 220 241 232 105 220 246 163 96 29 70 113 66 212 6 231 154 127 106 91 8 67 210 152 40 64 59 190 105 164 208 150 160 51 189 56 85 91 
82 141 171 81 132 21 61 99 109 78 89 1 164 169 0 252 105 181 94 64 45 37 77 216 33 40 170 184 117 18 147 189 32 10 101 52 128 94 212 180 186 136 103 
122 41 222 195 184 82 80 49 40 237 77 8 74 90 0 109 54 152 197 162 163 118 33 41 106 174 1 70 105 219 168 133 20 82 18 22 156 41 216 24 241 83 37 6 114 45 66 213 165 4 152 53 73 156 243 53 173 239 54 138 209 143 93 185 141 54 199 113 42 40 236 173 83 33 38 103 93 234 143 41 220 236 88 250 147 88 243 221 146 106 57 108 89 199 154 105 233 204 127 147 214 183 61 89 48 205 52 141 202 119 1 143 74 60 201 28 58 210 245 206 42 70 51 183 60 83 134 106 158 163 27 223 235 75 72 66 116 24 2 148 125 218 44 49 114 105 171 143 90 86 1 115 187 165 32 160 66 28 102 155 86 152 9 233 79 28 83 212 0 250 80 49 72 98 55 160 166 138 92 218 5 133 61 105 104 0 52 30 162 132 192 68 29 248 205 62 155 122 138 195 41 64 169 16 188 230 163 205 49 161 63 139 165 62 46 100 0 211 6 205 216 126 224 167 214 76 230 234 39 214 142 213 32 20 157 243 65 33 77 250 10 6 29 233 184 160 98 210 80 128 79 122 74 119 176 198 
210 156 99 154 119 27 16 210 83 21 132 164 239 205 13 3 10 40 66 18 138 10 16 158 41 41 216 5 164 164 72 148 82 24 157 233 69 88 11 75 83 113 11 74 57 160 76 120 169 20 208 67 68 234 113 86 163 155 20 25 53 114 202 207 67 92 124 189 104 185 151 41 93 231 53 86 73 105 35 104 196 195 63 42 243 74 192 131 130 106 223 115 210 190 154 140 7 189 42 251 213 121 137 2 143 206 151 39 20 61 70 33 247 163 234 40 211 96 14 189 169 78 126 158 212 146 6 196 206 71 181 33 169 16 116 233 138 94 217 168 125 196 25 237 73 222 174 218 0 195 77 237 90 20 21 37 13 216 150 37 59 167 210 160 100 125 7 92 210 14 
148 237 160 195 189 60 80 251 8 94 123 211 9 249 168 72 99 129 167 26 66 24 122 210 211 220 66 53 71 76 161 123 84 182 227 247 130 144 53 161 183 23 
250 161 244 169 43 19 147 97 40 52 0 218 41 244 1 166 138 67 10 109 48 15 173 20 128 109 29 40 220 4 164 166 23 10 67 64 117 16 210 85 0 82 82 24 148 149 72 96 41 14 105 117 18 12 209 64 194 143 173 22 16 148 83 24 234 74 146 69 20 234 166 33 212 224 105 137 143 221 79 15 205 77 136 100 203 45 35 
73 75 98 122 145 23 168 183 85 22 103 116 205 53 179 182 154 150 167 111 40 3 200 198 223 92 211 84 50 241 242 237 253 105 244 4 59 31 237 26 5 62 131 20 123 209 140 230 166 32 52 250 82 142 61 169 177 9 143 122 95 106 87 232 2 126 20 81 228 32 199 161 162 152 33 157 233 8 166 49 23 239 84 135 61 
40 111 80 16 117 246 165 61 41 10 227 41 61 232 45 9 214 158 181 91 10 66 243 76 239 73 128 240 56 165 169 36 74 94 212 181 24 214 166 213 13 5 88 182 31 48 205 4 207 185 182 6 5 45 98 206 113 167 138 67 210 132 2 122 81 76 2 154 40 16 26 74 99 19 222 131 74 192 38 41 180 208 128 210 80 2 26 40 24 148 148 198 33 163 20 8 41 180 130 218 5 37 3 65 69 48 19 189 6 151 144 130 138 99 97 74 40 1 69 47 122 9 176 162 156 41 131 20 26 90 22 132 142 221 73 186 141 24 134 230 155 154 67 41 117 235 77 170 59 110 28 230 142 221 127 74 118 176 7 52 103 142 41 121 0 184 197 33 199 52 8 59 251 82 85 104 43 92 40 244 205 43 20 59 181 55 52 172 77 192 210 30 148 198 48 210 49 199 21 86 30 226 138 127 106 76 145 171 247 186 113 79 99 80 34 50 79 122 76 213 89 26 11 78 30 245 34 99 170 46 245 66 36 94 180 227 82 252 128 97 235 74 61 234 128 70 166 82 26 243 19 189 95 178 27 136 207 74 76 153 26 192 98 138 204 230 184 82 82 18 26 104 166 49 180 83 67 176 148 148 92 97 73 77 18 20 211 72 16 148 80 54 55 60 208 77 48 27 69 50 130 146 146 100 133 20 0 218 78 244 198 37 20 174 48 162 129 8 78 41 212 192 74 5 33 14 163 189 48 23 60 211 179 75 98 66 150 169 110 32 164 205 12 98 102 146 147 2 145 25 160 243 249 214 186 157 97 143 155 175 210 129 83 125 0 113 251 221 233 189 170 80 222 194 119 246 167 109 250 211 189 132 33 224 80 121 20 45 66 58 133 20 3 66 125 211 70 114 62 180 88 118 19 181 33 224 211 72 67 105 8 206 40 43 160 224 41 205 210 159 82 68 29 58 82 189 38 128 139 181 45 61 134 6 
159 73 190 192 45 51 28 245 164 34 69 167 98 149 201 35 199 35 154 118 41 220 99 88 83 42 138 23 21 169 96 149 12 206 166 198 135 106 92 115 88 152 13 197 20 8 109 21 86 208 160 166 80 132 131 189 37 32 19 222 144 213 13 137 73 64 92 74 78 244 21 208 74 41 136 41 184 230 128 18 138 73 0 211 73 76 
97 71 122 105 136 74 40 0 237 71 74 0 40 160 2 138 4 20 185 164 1 75 76 66 209 64 131 52 148 138 20 210 80 34 169 166 227 154 219 157 157 42 226 154 
7 189 79 65 133 39 106 7 204 29 77 24 239 67 96 46 15 61 233 163 142 188 82 66 22 131 210 154 176 131 156 253 40 29 121 20 48 19 240 164 108 254 20 198 54 155 64 199 167 2 156 249 197 45 46 45 6 160 231 52 166 155 25 31 122 51 75 113 133 72 40 208 87 3 77 254 58 123 138 196 163 218 146 149 132 48 
253 225 79 29 40 16 215 168 233 161 161 233 247 177 91 86 81 226 60 154 137 19 81 232 91 164 172 119 103 48 218 83 76 6 98 131 76 119 19 30 180 148 0 148 148 15 97 41 59 83 64 37 37 49 137 73 73 177 136 104 162 192 37 54 169 0 82 82 16 118 164 160 4 164 166 48 205 37 80 5 21 32 24 164 167 186 24 81 72 144 165 166 49 104 169 36 90 40 0 205 29 169 238 134 37 37 2 101 67 207 90 5 106 246 59 5 13 206 41 50 121 62 149 156 81 2 254 52 118 246 162 250 149 96 207 221 24 165 160 93 68 254 30 127 149 25 244 160 98 129 205 38 78 207 122 45 168 131 189 40 230 142 162 27 218 145 169 162 136 207 62 212 
85 116 1 235 74 220 84 245 21 129 104 97 222 152 17 247 163 154 96 45 60 122 84 3 22 152 115 186 168 72 145 41 198 164 76 97 167 10 87 16 214 168 177 84 153 162 216 158 17 251 193 91 208 47 238 86 166 90 28 213 55 31 69 100 200 18 147 189 52 33 41 180 20 6 155 78 192 20 220 83 41 9 210 138 87 36 74 109 27 106 1 77 170 67 12 210 80 2 82 80 192 74 58 84 220 46 37 54 170 195 10 40 96 54 138 0 90 74 93 64 78 244 85 12 74 90 4 20 80 33 104 164 32 162 129 133 20 0 180 148 8 169 207 165 48 230 181 58 132 239 79 86 200 161 160 29 156 154 42 45 212 98 226 150 158 150 39 168 100 251 210 84 189 7 97 
58 128 123 82 213 244 36 59 31 122 104 165 96 10 67 77 232 83 25 73 154 164 3 151 173 61 168 24 209 78 52 152 136 187 243 64 28 82 26 14 149 34 117 164 72 250 136 245 166 132 137 23 145 79 164 208 50 54 167 10 146 70 184 166 10 175 66 203 150 105 186 81 91 106 48 181 157 67 158 174 225 69 102 136 
18 154 105 128 125 105 49 77 140 105 164 197 32 232 33 164 166 80 148 148 33 13 162 152 9 138 67 76 98 82 119 166 2 116 164 164 192 74 74 119 1 40 160 98 82 30 180 196 29 169 41 0 82 83 16 81 72 97 73 69 216 194 138 160 22 138 64 20 180 8 90 41 8 74 74 99 69 67 247 125 233 59 214 204 232 234 24 230 144 113 219 138 155 140 85 238 69 2 141 198 46 238 121 165 207 167 78 212 88 67 189 13 32 224 127 90 91 12 81 247 71 90 41 19 184 223 173 47 173 49 135 106 107 116 167 113 12 39 20 116 167 96 136 169 235 82 183 74 93 74 99 5 60 210 17 17 164 162 227 91 5 61 77 43 92 58 15 239 77 97 138 100 14 83 192 20 252 84 18 71 37 56 83 232 59 8 255 0 90 143 191 21 72 179 83 76 76 252 213 173 138 194 79 83 142 111 222 24 51 71 122 87 24 152 164 163 114 4 164 197 3 184 132 83 69 3 232 38 105 189 233 148 144 82 80 3 105 59 83 1 41 40 67 18 146 168 4 52 148 152 88 74 74 0 40 167 113 141 164 160 86 10 74 46 48 52 218 118 4 58 146 149 132 32 165 160 4 205 25 166 1 210 150 128 10 40 16 185 162 129 88 74 40 40 170 120 25 166 245 233 90 157 79 184 157 184 165 245 228 26 9 12 30 212 99 138 46 86 161 67 19 186 151 37 197 107 138 51 210 140 224 226 146 236 49 115 74 13 2 91 14 110 166 146 146 16 159 90 
67 156 208 3 24 115 73 76 161 69 76 62 237 32 35 232 245 47 106 25 36 45 247 142 234 109 59 20 45 40 166 45 73 59 82 26 157 137 64 184 7 154 148 116 
233 74 64 245 24 244 163 165 34 70 181 49 71 205 77 26 116 58 11 36 196 121 171 61 235 38 113 200 41 8 168 122 8 76 83 113 69 198 33 226 146 173 11 168 148 148 20 55 20 218 0 67 73 64 196 164 160 98 118 164 167 97 13 164 53 91 12 74 74 64 20 218 55 1 41 42 138 10 67 72 65 73 72 4 162 168 3 181 37 
0 20 82 16 26 41 148 20 80 72 81 76 65 222 138 150 2 102 144 181 49 145 154 97 199 126 149 162 102 227 79 3 181 38 5 5 61 5 232 121 237 73 252 56 164 251 5 196 239 75 214 171 97 131 26 6 118 253 123 83 23 64 207 52 102 144 135 110 201 232 105 65 193 169 216 109 10 14 69 45 75 100 34 35 245 164 246 171 40 81 82 169 169 97 184 143 214 156 164 80 4 111 77 161 142 194 118 165 94 181 91 12 149 77 41 246 168 190 166 99 23 239 84 163 165 1 176 26 65 
207 114 105 38 32 53 37 170 110 149 126 180 238 29 14 130 37 218 152 20 234 192 228 19 189 6 130 134 158 148 134 129 141 60 210 26 96 52 210 83 24 218 78 212 198 54 154 104 24 118 162 130 70 102 138 161 141 164 164 49 41 40 184 196 52 148 33 9 73 76 4 162 128 18 138 64 20 218 96 20 83 1 40 160 97 
154 1 166 214 130 22 138 148 2 82 102 152 88 51 138 110 105 130 24 92 83 126 102 246 20 22 59 248 105 1 110 221 170 205 88 139 211 31 206 148 175 227 69 199 112 219 218 155 183 29 233 0 187 78 234 110 13 23 24 26 57 235 85 113 0 44 61 168 61 40 178 37 33 49 207 52 189 169 13 135 106 59 82 123 12 107 117 166 158 148 88 98 238 169 21 189 105 216 150 57 186 82 165 38 33 28 113 154 143 245 162 37 45 4 165 197 49 146 138 118 5 67 208 129 157 234 81 65 44 70 167 40 227 165 1 107 140 113 205 104 105 145 230 77 213 61 5 61 34 109 80 69 96 206 84 198 226 155 77 49 141 164 166 49 166 147 159 194 159 81 141 61 41 40 40 105 235 73 218 157 196 54 155 64 9 73 84 145 67 123 209 72 67 105 41 128 148 218 6 20 80 3 105 41 160 10 74 144 16 210 85 0 81 76 4 164 164 59 5 20 192 58 81 154 66 10 67 69 192 105 163 52 198 52 181 51 230 110 157 41 140 99 60 113 247 222 213 89 231 119 227 60 122 10 168 234 90 93 75 253 177 214 152 202 62 191 90 54 101 182 10 57 29 169 57 192 219 70 239 80 184 163 131 75 73 221 12 1 165 20 9 137 198 41 24 113 70 236 24 230 198 126 180 198 90 123 48 66 98 131 210 157 134 192 116 164 252 105 33 8 105 149 67 10 112 52 130 196 153 226 145 13 33 15 119 168 168 136 226 20 14 180 198 72 188 83 234 89 13 141 254 58 152 82 100 177 26 149 120 169 184 9 141 198 182 52 196 192 166 246 38 163 208 210 164 53 206 115 13 52 83 176 236 50 147 20 0 211 250 83 123 85 20 52 210 98 128 27 77 160 16 152 166 145 84 198 37 54 130 134 247 162 144 134 210 26 99 18 155 154 96 37 37 0 194 146 129 137 73 154 16 132 20 119 165 212 98 81 84 33 41 41 140 40 164 49 13 21 66 176 132 209 154 64 53 154 163 228 208 80 215 145 99 235 201 244 170 242 92 51 241 219 210 169 34 210 234 77 107 167 79 117 243 127 171 143 251 198 182 237 180 203 104 87 238 239 63 222 106 28 236 99 58 189 17 151 154 111 28 82 177 211 97 217 193 90 51 242 245 170 98 10 21 105 250 136 80 8 60 211 113 80 2 253 120 197 28 250 211 11 139 73 145 220 80 188 135 113 123 210 96 82 187 1 54 240 105 54 113 78 224 52 173 70 106 134 28 154 63 138 128 36 29 41 129 189 168 21 135 211 9 164 52 131 218 138 44 59 146 167 189 73 197 73 3 127 143 218 166 20 137 104 70 165 201 219 64 45 199 68 185 53 189 167 167 238 1 245 169 145 149 82 221 37 96 98 55 20 152 160 6 26 76 85 0 211 233 76 165 177 66 17 77 170 190 131 220 109 54 152 208 148 210 104 1 59 83 41 161 137 77 160 98 82 83 176 132 166 211 24 148 148 134 20 148 195 160 148 148 8 74 40 24 148 153 166 2 81 64 194 146 149 198 20 218 164 72 210 212 210 73 224 80 52 49 164 72 254 241 201 244 170 207 112 207 199 79 106 118 52 75 169 45 181 140 247 28 237 218 158 173 91 54 122 124 48 124 219 119 73 253 230 237 77 179 26 179 190 134 142 50 114 106 85 21 137 198 206 88 254 24 164 235 222 183 187 61 96 230 142 221 106 180 4 42 159 90 1 224 103 169 237 74 215 7 176 240 216 20 185 205 67 68 88 58 250 82 113 222 154 36 83 70 41 149 208 77 167 52 135 175 52 174 80 185 60 209 154 26 38 192 72 168 91 239 85 12 49 138 64 51 74 224 201 113 233 81 183 6 154 26 28 41 135 222 152 238 50 164 20 133 113 69 72 26 164 145 71 222 169 192 169 107 169 3 122 181 56 210 99 39 137 57 174 142 1 251 161 81 35 26 163 143 90 105 172 204 68 52 218 44 3 113 77 170 184 13 239 77 52 153 99 77 54 152 13 52 218 104 99 105 180 202 27 77 52 198 54 146 144 13 164 166 129 9 73 76 99 
104 160 76 74 74 161 137 69 72 13 162 157 128 74 90 24 13 164 166 2 82 80 3 115 77 4 246 160 161 175 34 175 83 147 232 42 179 206 199 238 240 41 154 
36 44 22 146 207 140 13 171 253 227 90 214 218 124 81 0 88 111 127 90 166 236 99 82 125 13 20 90 153 69 99 115 148 120 197 46 125 41 19 212 230 24 242 41 15 174 107 164 245 68 252 105 0 233 154 58 0 254 163 20 220 247 205 74 14 129 236 58 82 246 250 83 76 150 38 105 121 20 49 173 128 30 58 83 195 
84 88 144 200 165 221 197 33 128 197 28 80 22 19 25 52 199 90 171 139 102 50 148 211 27 38 79 185 76 152 40 39 208 85 34 80 241 30 15 53 20 131 21 23 25 29 58 155 44 90 118 40 36 114 125 234 178 49 183 222 166 230 98 1 205 60 117 169 184 23 45 35 223 48 90 232 182 224 86 115 103 60 223 188 51 20 152 168 36 110 41 49 77 0 202 110 40 216 67 105 164 82 42 227 77 48 138 164 202 16 245 168 233 128 135 138 97 163 66 144 218 109 48 234 54 144 210 110 192 54 146 153 66 83 106 128 78 244 80 33 180 82 1 41 42 134 37 37 12 4 205 37 0 45 54 144 208 218 76 211 25 19 178 161 249 191 42 175 37 193 60 47 
202 61 170 139 75 184 176 219 75 63 65 199 173 104 219 216 69 25 5 190 118 247 166 221 182 51 157 78 134 128 21 42 138 197 156 236 146 158 13 6 99 189 234 172 218 140 48 182 213 249 219 219 181 77 138 140 57 153 134 122 81 247 69 116 182 122 79 77 4 237 197 45 33 0 235 215 147 69 83 96 152 28 10 5 46 131 14 40 169 245 0 252 104 167 113 7 210 138 6 29 233 193 190 180 8 55 115 72 205 76 26 25 198 104 197 82 36 114 138 115 45 32 21 13 15 73 2 34 
20 187 104 185 67 130 243 82 98 153 23 21 5 73 82 204 217 32 233 82 34 226 161 131 53 52 200 193 151 53 175 218 177 57 222 226 17 77 163 160 134 145 
77 164 54 54 155 67 36 97 20 211 214 130 134 26 74 6 70 105 134 174 229 33 180 211 76 99 41 166 153 67 105 13 49 13 164 52 134 54 147 189 80 196 164 
168 1 41 42 192 74 67 64 9 69 0 54 146 129 137 76 38 169 14 195 89 209 62 241 170 207 112 79 78 5 43 92 180 134 195 4 147 55 201 249 154 208 130 197 
19 6 79 157 191 74 189 136 156 250 23 128 169 64 172 142 118 61 105 217 169 32 119 214 161 154 254 56 178 19 231 111 210 129 165 204 80 121 103 187 56 237 233 218 163 63 102 135 137 31 116 158 139 86 180 55 93 145 15 78 40 203 103 175 90 218 72 234 19 214 131 237 80 59 138 14 56 163 219 20 151 152 154 23 36 116 56 20 180 106 43 137 199 175 233 73 140 211 219 81 142 28 82 31 122 93 68 31 206 147 181 93 244 24 115 138 42 64 41 27 165 8 67 122 14 180 153 166 4 168 121 169 75 2 40 32 68 162 65 66 2 42 144 114 106 25 125 9 163 143 158 105 205 25 20 186 152 220 69 92 26 112 90 161 19 34 231 181 
76 169 83 113 92 219 211 34 253 206 239 90 189 182 178 48 26 69 51 21 34 27 77 197 15 113 141 97 76 160 145 166 152 69 5 145 145 77 52 20 71 77 53 72 6 26 105 166 80 202 105 166 3 105 41 12 105 166 154 161 216 74 74 4 54 146 128 10 109 59 0 119 164 160 98 83 105 140 66 105 133 189 40 176 198 23 84 255 0 88 127 42 172 247 44 126 231 203 84 104 144 200 224 146 99 242 143 198 180 98 177 141 7 206 4 135 222 159 53 136 148 250 22 192 237 79 21 47 83 1 226 156 13 73 35 199 74 134 91 184 227 233 243 31 106 144 74 229 73 37 150 127 151 177 236 42 34 98 139 150 37 219 251 171 85 99 107 116 68 19 92 200 235 179 59 83 251 162 160 233 86 141 82 46 103 3 27 169 49 235 86 221 141 24 26 79 99 73 236 69 236 24 252 233 8 52 34 174 47 126 180 1 147 79 100 39 97 40 205 45 198 20 84 219 81 133 20 247 11 7 90 49 79 97 0 31 173 33 28 210 1 135 20 83 245 24 171 82 103 210 153 34 198 212 247 57 168 66 16 
10 118 222 105 133 203 17 13 184 169 186 212 25 177 60 179 64 74 108 9 227 74 176 137 158 43 54 100 206 138 218 32 144 211 202 210 177 152 194 41 155 106 16 134 17 77 53 64 198 17 77 34 144 45 134 17 76 52 172 82 24 106 35 76 67 41 180 22 50 154 105 162 136 205 50 168 4 166 208 49 166 155 76 54 18 144 208 2 82 81 113 137 73 222 152 132 205 37 3 27 77 205 3 24 206 168 62 115 248 85 89 46 115 247 56 170 90 150 162 70 145 201 59 146 59 247 53 126 43 24 215 151 249 234 155 176 170 79 162 45 129 233 79 168 48 29 75 154 66 176 224 42 57 46 21 56 28 210 4 174 85 121 100 155 233 81 179 71 24 249 190 99 232 42 141 45 208 130 73 221 198 222 21 125 5 67 84 141 16 148 83 234 89 123 249 211 121 163 212 160 94 5 47 90 93 69 160 119 160 83 0 95 167 90 92 122 82 122 128 5 164 247 53 34 12 82 17 205 87 144 43 137 142 180 159 90 11 10 5 0 197 164 57 166 132 51 20 130 135 216 98 255 0 21 75 140 10 4 
39 241 211 136 52 238 33 87 165 74 166 165 133 139 72 180 244 21 38 79 98 206 222 41 162 60 212 92 146 88 227 230 180 44 237 252 203 133 20 252 200 145 189 178 152 86 166 230 100 108 181 25 90 150 33 132 83 40 96 51 20 194 41 20 50 163 57 160 67 26 163 34 147 96 136 205 52 211 40 101 50 168 161 134 152 105 140 99 10 109 49 141 166 211 212 161 41 40 19 18 138 4 54 144 211 26 18 153 186 128 26 206 171 247 141 84 150 235 168 143 138 164 141 32 136 227 130 73 142 85 127 26 187 13 146 175 250 204 49 170 216 39 46 133 192 180 234 200 192 90 42 129 11 138 99 204 170 56 230 147 11 92 129 158 73 184 61 42 18 241 167 251 71 210 153 167 145 20 147 187 241 156 15 106 138 168 177 40 166 49 41 41 140 184 212 26 10 108 67 216 81 138 4 3 191 7 243 165 20 59 140 112 52 6 252 233 110 75 20 26 59 251 210 104 66 140 98 146 149 135 118 6 128 57 166 59 134 207 78 148 210 40 14 97 49 243 82 154 0 141 169 130 180 40 114 212 196 13 184 197 75 16 136 57 235 79 52 137 1 82 40 230 152 23 33 171 65 43 59 25 50 80 180 229 74 204 146 204 81 116 173 205 38 223 171 254 20 210 34 70 131 71 81 24 234 8 32 101 168 152 83 2 50 180 204 82 17 25 166 48 160 8 136 166 26 155 20 70 69 48 208 192 97 168 234 144 198 
26 140 211 69 12 52 202 108 99 15 90 109 80 198 210 26 0 109 39 122 6 37 37 59 136 109 52 208 80 215 112 131 45 85 36 187 255 0 158 99 109 53 18 226 
136 146 57 46 27 56 63 90 187 13 146 39 47 243 26 189 144 167 46 136 180 20 14 212 250 131 22 45 38 105 12 41 12 170 158 244 10 196 14 236 255 0 74 129 157 19 167 38 153 113 34 121 25 248 39 143 74 142 174 198 168 74 40 176 194 146 139 8 90 49 64 203 184 24 62 189 169 173 242 243 67 99 10 79 74 87 178 1 127 206 41 72 167 232 2 99 174 51 73 138 96 192 210 30 148 6 162 231 142 40 86 249 104 1 217 165 205 72 152 180 80 158 128 20 157 233 117 17 19 211 8 226 180 69 38 57 122 212 189 169 49 216 85 165 52 8 114 84 241 138 76 146 212 99 154 184 139 154 197 153 75 114 120 185 205 90 138 12 154 72 
134 104 195 109 210 186 155 29 63 202 211 211 122 114 105 182 68 216 27 83 233 85 165 183 197 73 5 57 35 170 172 180 108 50 22 21 25 160 8 205 70 212 134 70 106 51 64 17 181 48 241 82 4 70 152 106 208 198 84 103 173 5 17 154 97 166 3 77 48 208 88 202 13 80 17 147 183 233 77 221 158 148 205 35 17 115 73 72 145 142 68 127 124 226 169 203 120 114 68 107 129 235 84 149 202 130 185 10 69 45 195 18 50 125 205 93 138 197 23 253 103 205 87 123 4 229 208 182 0 3 129 78 172 204 66 146 154 1 105 134 64 180 128 137 164 102 250 84 77 32 30 244 202 68 45 35 26 140 213 35 84 37 37 52 48 162 152 9 75 182 
151 152 14 197 25 160 69 198 199 106 57 245 230 130 186 12 167 84 146 199 82 12 143 173 49 137 222 148 12 30 104 147 14 130 99 52 190 244 174 202 3 201 207 122 105 4 158 104 185 55 19 109 39 52 198 59 154 65 64 14 6 151 52 88 68 109 77 250 85 141 10 5 63 167 106 91 141 142 90 92 80 77 199 138 181 
24 168 99 123 22 35 28 85 200 187 84 51 50 220 99 154 214 182 139 138 12 228 111 104 250 123 92 222 71 24 29 249 175 64 154 200 60 73 24 63 42 250 212 56 183 177 143 43 145 17 210 227 199 95 210 178 181 13 44 198 51 219 214 159 35 68 74 156 160 115 151 80 109 172 233 18 144 202 174 42 34 40 40 141 170 38 164 50 50 42 51 83 96 35 52 195 73 129 27 84 70 169 13 12 61 42 35 239 84 138 25 76 53 64 134 83 13 23 41 33 155 189 42 29 219 193 166 111 24 12 235 31 52 182 224 152 234 205 30 131 101 253 223 94 5 85 150 243 180 93 61 105 90 228 37 118 66 177 201 59 112 9 247 171 176 216 170 243 33 201 170 216 153 79 161 108 40 28 83 170 12 0 211 115 64 5 52 184 29 40 25 17 98 221 106 38 149 71 78 77 9 22 145 3 59 30 244 202 178 236 20 148 202 3 73 64 130 159 182 144 133 198 41 165 232 184 136 203 83 51 76 179 68 158 58 102 147 119 52 14 218 139 215 165 25 230 165 134 151 23 52 139 84 130 195 232 205 64 172 55 173 58 171 200 46 39 110 40 169 229 11 139 130 41 42 186 8 54 103 161 166 227 138 73 244 23 65 135 52 236 243 150 233 84 52 48 156 245 163 182 41 178 186 15 142 165 106 151 164 136 98 224 1 73 73 130 36 74 178 157 41 20 89 78 213 102 18 55 125 42 26 51 52 109 134 107 106 204 115 83 
115 25 29 239 132 237 128 142 91 142 231 229 21 209 215 76 54 55 165 176 82 50 134 92 55 34 156 182 46 106 241 56 253 98 219 202 149 133 115 179 10 227 60 244 83 113 80 181 81 68 38 152 105 1 17 166 26 76 8 205 68 105 20 70 221 106 38 166 128 101 68 122 208 81 25 166 26 162 136 153 149 78 13 64 100 253 230 59 85 165 115 104 68 0 251 213 28 67 40 220 85 154 138 135 228 198 5 17 43 42 251 80 33 183 41 149 250 212 86 246 81 253 230 228 211 185 155 149 145 117 84 42 224 116 167 86 119 48 26 120 166 150 160 6 210 23 160 99 24 247 168 90 95 74 101 34 7 98 221 105 181 125 13 66 154 105 128 81 64 
11 138 118 218 4 47 2 154 94 164 44 70 90 154 41 143 160 225 30 106 194 91 49 250 80 67 151 65 219 119 81 131 86 254 35 97 50 105 192 254 20 7 40 3 218 129 71 65 14 38 140 212 0 188 81 158 198 144 182 20 83 168 184 110 30 184 164 250 80 64 180 132 80 217 72 76 83 91 165 17 119 2 19 70 107 65 220 149 42 94 181 4 139 214 128 40 17 42 138 153 120 168 234 50 116 62 149 101 121 193 52 152 51 74 209 251 86 213 171 115 83 99 25 30 143 225 79 249 4 14 121 205 109 213 194 162 248 75 167 53 176 81 90 201 217 92 221 156 158 187 58 201 112 216 174 102 110 181 197 23 115 206 41 189 66 106 198 70 213 17 164 3 13 68 105 129 25 168 205 75 184 200 141 70 105 8 140 212 77 85 114 145 19 176 95 189 197 87 149 198 220 169 173 18 185 189 56 16 55 44 51 77 198 101 171 58 9 130 178 161 237 77 140 129 27 102 145 152 155 126 76 138 88 200 219 205 48 9 198 105 144 241 197 34 101 177 33 112 42 51 47 247 105 25 161 58 245 164 205 80 12 103 245 53 11 75 233 74 197 36 66 89 155 173 37 82 52 18 146 152 5 37 48 20 10 118 218 64 59 32 84 101 233 9 33 140 105 188 158 149 69 18 44 57 171 41 111 253 227 138 155 144 228 41 154 40 254 232 220 106 35 36 178 247 252 169 161 114 245 100 197 71 165 39 167 235 78 247 53 212 49 207 20 82 4 174 37 21 90 138 193 71 52 110 80 148 187 185 230 150 236 145 192 209 205 72 199 119 206 41 65 169 232 77 133 205 3 154 123 5 
132 110 156 82 53 48 33 57 235 77 198 106 238 50 85 165 239 72 66 238 230 165 142 144 203 20 116 169 33 118 37 70 169 227 99 154 87 6 139 240 53 107 
216 73 186 64 42 27 51 145 221 89 92 249 54 104 162 180 109 53 54 143 189 101 110 167 49 127 251 93 49 202 214 117 246 178 238 133 23 0 31 74 77 202 
90 23 237 36 213 142 122 230 109 199 53 157 33 170 68 21 218 162 53 69 12 53 25 164 4 102 162 52 8 99 84 77 72 100 77 214 163 52 2 35 53 94 231 116 105 184 85 163 104 70 250 21 101 37 225 82 106 34 48 181 161 215 31 116 84 136 188 184 165 219 137 207 20 136 230 37 147 62 88 244 168 6 223 41 168 32 104 251 180 47 221 166 88 247 249 150 170 62 229 52 201 26 41 192 226 153 34 151 168 90 111 238 138 86 5 18 18 115 77 166 88 81 76 4 163 20 208 197 
219 79 11 69 196 25 197 70 92 212 136 143 117 0 19 84 4 169 1 61 170 199 148 136 50 228 82 185 55 184 211 112 160 98 53 252 106 188 146 23 251 230 146 41 68 136 191 165 89 181 112 195 154 101 73 104 79 158 41 185 170 107 81 177 120 245 160 84 201 135 51 10 41 176 22 142 213 64 29 69 52 140 84 9 11 210 146 146 122 140 55 210 134 167 96 29 154 92 212 216 65 154 24 213 88 93 72 186 211 130 247 161 136 147 181 52 138 67 67 5 89 140 213 48 145 61 52 214 100 68 80 213 102 34 41 178 139 49 30 115 91 122 46 100 184 30 213 147 49 155 208 235 3 224 83 196 213 38 0 103 168 30 92 208 4 12 213 3 26 64 
68 106 51 84 80 195 81 154 87 36 140 212 102 152 17 154 137 170 64 141 170 22 52 33 162 12 211 117 37 219 28 99 212 213 35 162 143 196 67 183 17 40 35 53 28 159 51 124 163 24 171 54 125 199 90 141 178 22 61 170 20 203 74 255 0 90 8 243 36 151 110 49 85 55 133 94 104 28 117 24 211 46 218 131 206 63 195 90 36 107 24 150 32 124 175 205 77 126 148 186 144 247 42 238 160 201 233 76 146 50 73 166 211 176 11 154 74 6 20 80 33 193 105 216 2 144 8 88 10 137 158 132 17 67 119 82 133 99 84 59 147 36 21 41 9 24 249 170 46 67 212 141 174 15 240 12 85 118 108 156 177 201 170 72 164 172 70 94 153 146 106 138 36 142 7 127 186 181 105 45 214 47 190 220 209 123 16 228 59 36 117 165 205 29 77 90 3 158 139 74 27 214 144 194 148 26 87 32 81 74 57 165 113 216 74 119 74 46 33 41 49 64 116 13 180 220 102 168 66 127 21 59 52 174 49 115 239 77 38 145 36 121 169 83 215 189 89 76 146 155 81 173 201 66 133 167 3 138 24 49 222 102 106 69 165 97 53 97 77 73 29 75 26 44 198 199 53 211 104 40 118 22 169 149 140 106 27 219 169 119 84 28 227 75 83 9 160 100 100 
211 40 1 166 163 52 192 109 48 210 2 51 81 154 0 140 212 120 44 112 7 52 183 29 138 151 251 173 211 253 175 74 205 91 210 127 214 46 15 168 170 229 58 21 47 116 150 38 243 100 249 77 77 168 43 51 70 148 194 30 232 178 63 175 90 160 236 90 86 108 208 80 162 97 26 28 242 105 182 31 50 49 35 21 93 10 148 61 192 184 124 19 192 172 182 201 38 170 5 210 141 131 202 38 165 130 15 151 36 10 182 202 156 139 88 27 122 84 45 210 160 196 206 151 135 166 102 169 108 88 180 148 194 194 210 208 33 66 230 159 194 208 75 26 210 99 165 68 91 61 104 72 99 115 79 17 19 76 9 227 183 245 167 153 35 139 220 214 
119 35 114 9 46 29 189 133 65 184 102 170 198 137 17 179 154 111 38 172 101 132 181 102 235 197 77 229 65 16 231 230 53 46 100 55 125 6 201 120 72 249 112 42 179 74 196 208 162 53 27 23 122 82 41 173 94 166 175 97 185 60 210 142 7 83 82 192 94 212 114 71 82 62 148 32 31 154 55 147 83 98 67 38 151 
223 173 54 128 41 123 210 18 12 122 81 83 176 7 225 73 138 0 105 168 243 84 172 2 142 181 40 162 69 14 61 41 22 145 153 45 33 164 11 82 49 197 76 31 
138 44 41 14 83 147 86 5 34 111 208 146 62 100 90 237 116 184 188 171 85 21 156 140 170 151 243 73 154 131 17 9 166 102 149 192 67 77 53 67 26 105 180 0 195 77 52 128 141 170 38 161 129 11 154 159 76 140 201 43 62 56 20 163 185 80 220 199 241 4 185 188 199 97 88 114 100 175 189 106 142 254 129 161 89 189 222 162 198 111 51 100 99 174 43 122 111 155 81 97 201 11 74 107 83 7 43 178 57 84 54 227 89 82 57 140 181 40 234 56 107 160 155 73 183 13 180 140 138 150 208 113 138 179 105 190 130 92 255 0 21 87 85 249 104 190 132 45 137 72 249 122 98 136 184 82 13 43 144 201 7 221 170 146 138 113 212 34 80 151 175 53 29 106 106 37 47 122 68 15 219 78 224 82 1 166 79 74 140 181 59 12 78 73 169 22 18 104 7 34 113 24 81 205 33 157 23 253 88 205 78 230 123 144 60 140 223 120 212 69 197 81 162 68 101 141 34 163 57 224 85 12 179 29 169 28 200 64 31 90 147 48 195 247 121 53 45 246 51 248 136 36 185 38 160 103 38 131 75 88 76 26 93 181 160 92 209 227 222 140 115 67 46 193 214 138 157 192 81 69 29 64 7 233 73 218 155 1 40 52 132 20 185 164 78 224 26 157 158 105 62 197 88 90 76 244 226 139 18 41 197 65 66 16 224 180 254 148 202 19 169 235 82 175 235 74 66 99 234 54 52 46 196 196 81 210 156 71 122 93 4 196 139 131 86 213 129 169 100 216 209 211 161 243 110 1 236 43 176 135 229 74 206 90 28 243 220 150 140 212 153 137 73 64 198 209 76 6 210 82 
2 50 104 68 50 190 213 235 65 69 109 81 190 192 187 152 23 246 21 157 30 163 20 227 238 152 207 163 53 22 54 116 173 27 136 238 78 79 10 7 82 107 107 76 141 161 210 252 222 187 134 238 148 173 161 20 247 57 43 201 76 243 59 187 28 158 213 69 171 88 171 35 185 35 91 195 251 209 37 147 204 101 92 213 152 147 253 116 196 245 53 156 254 35 158 161 65 228 217 14 222 164 214 118 208 207 180 116 173 35 161 80 209 23 46 142 219 80 152 57 245 162 1 129 74 226 99 102 25 66 106 186 112 40 190 130 232 72 114 121 162 37 169 17 38 56 170 210 85 160 137 66 233 54 243 85 235 83 96 163 32 30 180 132 53 159 222 155 190 152 9 190 156 155 115 201 166 50 208 216 59 210 25 251 32 168 34 196 14 114 114 245 25 147 210 172 171 17 150 38 164 142 9 28 244 226 152 55 98 192 130 52 255 0 88 115 74 110 2 12 34 129 81 185 31 17 89 231 44 106 34 198 174 198 136 74 120 90 1 147 44 44 125 170 93 145 167 83 154 92 198 119 36 230 144 231 29 42 252 141 244 23 252 245 164 239 75 96 176 116 165 167 109 46 0 73 163 181 32 176 148 157 250 212 128 31 95 210 129 79 64 65 205 34 154 0 126 105 199 129 82 77 134 49 230 144 117 170 66 68 128 83 77 33 0 4 83 247 83 1 192 241 210 163 61 106 7 18 85 167 63 2 130 24 177 173 63 105 221 197 34 89 211 120 126 39 0 179 14 59 87 66 13 100 206 73 110 59 52 149 34 10 74 0 41 40 24 220 211 73 160 100 76 213 115 76 136 145 36 199 238 227 138 101 67 226 48 53 217 139 187 45 115 23 83 61 176 222 181 81 236 119 200 128 93 94 107 87 81 91 44 153 46 219 113 154 244 173 81 197 174 150 34 251 184 24 20 84 143 42 177 140 150 182 71 17 41 193 227 189 64 195 218 153 188 13 8 167 75 109 21 112 159 59 13 212 237 237 253 158 173 208 
200 1 168 104 137 198 197 107 158 7 53 90 204 111 184 81 239 86 71 66 109 66 226 50 222 95 126 42 111 187 187 21 61 8 105 162 179 113 9 21 31 252 179 170 29 201 71 221 166 195 195 16 105 18 201 27 119 106 207 243 127 189 214 154 46 9 88 167 115 62 126 90 168 94 180 137 168 194 212 218 177 137 70 105 128 187 169 115 64 131 56 233 82 111 53 32 55 147 83 71 106 205 215 138 54 33 187 19 98 40 191 218 166 61 209 232 58 84 238 43 21 154 66 106 62 106 212 75 20 10 145 80 158 212 10 229 129 109 253 227 138 126 232 211 238 140 212 243 17 241 13 203 191 78 41 68 29 201 160 46 73 73 199 165 83 108 220 90 65 69 128 94 180 162 139 128 157 232 207 52 0 148 222 115 237 72 3 60 209 222 139 138 226 210 98 170 227 65 78 45 72 67 55 115 79 90 86 36 117 32 164 50 65 72 195 154 8 26 120 166 134 230 130 214 196 129 169 239 72 204 150 42 181 18 110 97 82 67 216 235 116 245 242 237 209 125 5 93 13 89 222 
231 48 224 105 115 82 72 102 138 6 33 52 221 212 5 134 22 168 94 80 40 25 95 116 146 182 216 198 107 116 127 160 104 200 142 217 99 66 216 210 158 231 31 126 199 206 197 103 200 170 196 110 141 92 119 86 228 26 210 39 117 185 145 177 165 92 62 163 173 218 167 217 237 162 22 234 91 247 81 99 216 85 255 0 21 204 13 194 68 58 10 137 220 231 80 228 149 142 90 92 150 224 113 80 72 219 86 180 134 166 232 215 212 44 196 22 234 167 215 110 218 91 204 
32 142 47 246 170 28 140 170 75 152 165 114 119 126 2 169 192 27 239 119 197 84 116 29 34 168 5 245 8 193 228 179 214 214 62 83 78 67 196 121 16 205 
157 149 93 152 4 197 35 4 61 123 26 69 35 124 132 158 245 55 232 5 89 245 5 78 156 214 76 211 180 172 73 173 34 141 163 27 16 209 90 20 20 220 213 12 74 40 24 82 80 1 156 82 131 64 6 226 58 84 159 104 147 24 102 56 161 161 8 95 52 148 0 224 42 88 225 102 237 82 69 236 77 229 34 253 227 75 230 99 238 10 87 185 59 134 25 250 211 196 96 82 216 67 179 131 197 49 158 128 72 112 200 163 154 209 180 116 55 112 25 205 32 30 148 92 7 83 113 205 8 66 210 31 78 244 250 14 225 72 120 169 97 212 51 72 51 138 16 88 74 58 213 92 5 166 183 53 62 98 18 159 154 91 140 77 220 211 193 161 136 151 117 29 77 65 3 94 152 58 213 162 150 195 241 77 36 230 130 75 81 55 76 214 174 158 187 159 138 198 70 21 14 142 23 226 172 6 172 206 113 224 210 208 2 230 144 181 32 26 94 152 100 199 90 101 71 114 120 118 92 198 251 54 183 150 50 113 92 196 154 237 134 214 102 89 140 159 220 52 157 219 208 233 116 239 160 221 10 238 251 94 214 225 132 143 34 205 62 119 84 207 110 213 212 248 146 125 172 170 141 202 115 235 84 215 42 176 47 139 148 229 165 103 148 228 237 252 42 38 239 184 83 90 29 20 205 175 7 198 137 246 203 167 207 247 63 42 198 214 53 95 181 222 72 192 28 103 20 165 172 131 146 242 108 166 143 148 162 217 62 209 125 4 120 231 126 127 173 82 109 61 8 150 134 230 166 119 234 40 191 240 42 207 184 108 222 16 127 131 138 205 24 39 169 78 102 206 254 252 212 214 81 41 141 217 179 86 202 126 233 93 54 190 165 15 31 40 39 249 85 214 231 53 55 50 109 220 134 127 245 117 155 115 42 32 245 53 73 106 105 78 60 195 62 216 248 237 84 174 46 11 49 173 121 14 133 14 82 169 122 105 53 162 16 82 83 29 130 138 2 194 83 105 136 90 41 140 74 76 210 1 104 
160 98 82 208 4 177 202 99 110 128 253 106 208 185 105 58 113 80 209 155 137 32 139 61 106 64 160 82 185 152 19 76 105 42 64 103 204 212 241 24 31 120 211 24 191 197 73 138 208 218 250 139 207 122 49 207 20 182 96 20 156 211 220 98 154 90 29 133 97 180 132 84 95 81 220 74 42 132 20 10 158 131 14 148 202 171 128 225 67 83 0 21 39 174 58 84 176 16 147 66 156 81 125 0 82 105 86 164 79 98 65 237 73 140 189 81 153 56 74 233 52 43 108 218 9 15 122 197 236 97 84 188 234 99 108 212 169 39 21 141 206 114 101 122 118 234 119 24 111 168 218 80 7 52 92 8 124 242 231 17 13 222 244 201 236 102 184 179 243 67 35 140 244 205 37 185 173 47 136 136 90 152 97 12 99 253 229 100 166 151 166 121 147 201 124 47 27 119 220 72 24 1 154 232 191 99 178 119 123 29 79 132 145 109 180 198 104 198 216 201 202 129 252 235 43 81 188 47 51 228 102 178 150 178 50 75 83 45 73 11 129 210 151 146 56 230 171 148 233 86 
70 165 188 143 30 140 23 105 204 185 174 126 226 215 203 114 15 90 5 204 172 69 141 189 43 67 195 191 62 179 159 249 229 25 127 233 67 90 17 87 224 52 110 152 127 104 221 59 116 139 138 230 229 185 150 105 24 156 10 138 104 206 140 122 149 134 241 91 208 47 151 100 221 242 199 154 210 123 88 43 178 149 182 27 81 224 12 4 38 173 103 247 42 79 83 89 152 50 27 158 99 21 153 121 110 118 6 6 180 137 173 25 88 169 114 118 112 42 142 115 91 121 157 23 16 210 118 170 0 162 129 5 20 192 74 40 0 162 129 9 69 33 137 69 80 5 20 134 58 148 54 15 20 153 37 168 174 120 196 153 250 212 219 255 0 187 89 180 103 96 218 205 201 52 124 137 72 91 232 55 204 102 56 68 163 202 98 127 120 213 65 177 96 210 226 155 86 53 19 20 164 124 185 161 0 221 190 180 132 85 92 119 18 147 182 105 201 14 224 69 52 212 128 148 122 80 33 105 71 74 79 80 24 212 131 147 64 135 211 123 208 82 23 165 58 152 8 105 123 80 208 
117 25 78 67 69 128 117 61 91 230 161 146 209 126 17 150 81 235 93 229 141 168 134 205 87 21 207 35 138 169 21 204 125 107 63 59 31 218 178 177 147 38 89 41 222 104 164 49 134 82 205 133 6 168 222 106 22 182 163 247 239 230 63 104 208 210 87 46 49 230 208 201 109 67 82 213 101 54 218 124 78 23 166 216 171 123 73 142 125 62 198 24 24 197 149 238 162 182 112 229 71 84 108 159 42 52 174 196 135 27 153 78 211 218 168 92 219 201 59 140 224 147 199 
90 17 178 181 141 123 201 87 77 208 210 48 219 48 54 0 181 199 73 118 178 191 202 78 125 233 125 171 152 211 133 245 1 184 166 65 161 65 59 85 122 177 197 81 179 103 87 119 251 156 71 147 177 58 115 92 149 225 223 112 207 253 238 106 58 156 241 42 184 226 182 124 43 30 211 123 112 221 8 17 143 231 86 246 46 167 192 87 151 109 194 200 100 207 206 217 170 145 218 164 69 219 174 125 107 53 116 101 237 26 247 70 205 203 138 184 78 219 40 193 238 181 76 205 234 202 186 122 159 62 237 189 34 31 206 164 151 136 32 247 90 46 15 114 25 120 72 253 205 84 190 124 71 154 17 80 220 197 149 183 54 77 69 93 40 235 18 146 168 65 69 0 20 180 12 92 81 138 64 24 164 166 33 13 54 129 133 20 192 40 164 48 165 160 66 131 83 164 187 41 18 209 54 233 37 232 118 138 120 138 53 251 199 53 36 10 101 199 221 233 80 188 220 245 165 96 138 45 103 243 167 230 180 230 52 14 212 252 243 154 130 66 147 235 77 236 3 79 181 4 83 184 106 49 150 152 69 34 192 83 123 209 171 96 46 105 51 79 160 246 26 58 211 133 33 5 32 165 176 199 26 90 96 54 148 208 3 41 203 84 3 
185 197 58 62 185 168 232 73 181 160 194 110 181 72 215 178 242 107 208 246 0 152 172 101 115 130 175 196 83 157 107 46 233 43 34 12 223 50 69 109 161 88 209 53 236 54 203 254 145 39 205 253 197 230 139 93 154 40 243 104 101 190 167 125 123 56 130 201 24 103 128 177 142 77 109 232 254 8 46 60 221 
97 246 103 254 93 226 235 91 198 60 136 210 115 246 75 150 39 96 32 181 210 180 199 22 182 233 12 95 221 140 117 53 204 38 240 54 227 238 241 88 185 
55 34 176 203 75 150 87 123 71 254 176 253 42 204 73 243 2 15 2 169 29 50 102 71 138 157 218 68 80 217 68 94 64 174 89 178 14 106 160 141 41 108 94 182 99 229 123 213 221 49 126 209 126 132 14 80 228 208 204 170 245 54 117 169 78 246 85 174 106 67 184 230 177 129 207 76 174 198 183 244 140 67 160 
188 153 251 236 205 253 43 105 124 5 84 40 30 44 225 245 41 154 128 110 85 31 47 90 200 200 175 51 124 220 86 150 182 22 221 196 94 149 98 234 87 176 227 71 188 155 187 62 223 203 20 183 219 83 201 94 152 65 75 173 131 237 21 238 255 0 213 91 253 107 27 80 151 50 109 29 5 105 20 107 76 206 221 77 
174 147 164 40 160 2 150 144 135 82 226 166 192 59 20 180 132 54 138 98 26 203 76 166 181 24 148 83 24 148 80 1 69 0 37 58 152 14 73 89 62 233 34 164 243 234 89 54 27 188 154 54 51 244 20 36 27 26 88 226 147 145 76 96 15 122 117 38 132 59 117 25 164 1 159 166 125 105 104 27 27 73 71 82 110 27 113 
76 197 43 141 8 69 50 168 176 199 20 98 128 27 222 159 210 139 0 123 83 187 83 38 250 137 67 84 148 50 156 189 106 174 3 190 148 248 69 46 130 185 218 248 26 209 188 167 187 35 135 251 191 74 235 88 113 88 79 115 205 169 172 202 178 175 90 193 214 47 162 180 128 50 225 217 142 0 172 27 232 85 56 243 28 181 214 165 62 236 171 21 207 247 43 91 74 240 140 215 59 100 212 164 242 99 255 0 158 107 247 154 182 166 185 53 55 171 47 102 189 211 180 211 52 251 109 62 15 42 206 21 140 119 61 205 105 70 148 165 43 156 38 103 136 174 163 88 146 213 38 196 187 178 233 237 92 248 99 230 112 120 172 145 232 97 215 186 88 131 60 245 2 174 39 202 149 102 147 57 237 66 95 53 222 94 229 171 49 227 143 118 49 242 226 156 118 20 36 208 213 93 157 43 123 195 137 189 165 147 254 3 77 247 42 187 247 70 234 114 111 157 191 90 195 114 48 88 158 43 56 156 241 220 174 205 149 224 214 180 215 66 61 14 218 4 24 
80 54 86 157 13 220 110 37 215 201 132 110 8 80 42 12 254 237 62 148 142 82 0 55 93 1 86 181 163 230 222 177 61 169 118 14 164 112 102 45 36 231 238 
52 167 250 86 77 254 247 190 124 228 246 230 181 143 196 116 82 93 68 150 102 142 222 53 110 118 116 172 153 28 147 85 24 234 90 90 145 210 86 197 133 45 34 71 1 78 197 33 142 197 20 8 105 52 218 6 56 83 169 49 8 105 166 132 3 105 152 170 184 196 164 166 1 69 0 20 82 1 105 40 2 123 118 65 247 197 
89 123 129 218 147 51 104 182 121 164 199 24 169 230 182 133 92 77 180 98 171 116 33 40 29 42 134 35 80 104 24 102 151 53 156 144 133 221 73 210 132 
3 88 211 69 80 214 195 241 76 122 1 106 0 102 158 87 20 62 194 19 111 52 172 132 10 47 208 76 110 41 164 26 146 162 198 211 197 89 76 90 181 107 19 75 42 69 24 37 155 210 166 253 12 229 181 207 84 210 237 254 205 99 20 92 252 163 189 89 106 231 123 158 105 204 248 216 202 186 68 91 55 121 70 95 222 149 250 87 41 165 89 77 171 223 172 94 99 8 209 126 105 8 200 81 233 74 17 234 118 70 124 180 174 117 26 103 133 45 96 113 37 235 253 178 64 120 249 112 149 211 34 115 210 169 179 146 82 114 119 101 164 21 35 200 150 240 52 211 113 26 245 172 219 208 73 106 112 154 173 240 146 250 230 97 194 76 
229 128 53 90 218 236 125 211 197 36 180 61 152 83 247 77 88 20 54 85 141 92 156 145 105 38 63 187 76 230 170 245 177 202 6 93 170 185 224 84 39 147 
154 113 212 34 13 211 21 209 104 192 67 166 68 221 11 47 152 105 203 68 42 207 67 22 89 55 35 49 234 107 58 230 54 120 198 222 113 206 41 192 154 122 25 194 70 4 1 222 186 123 235 65 107 5 173 179 103 207 28 201 158 213 111 68 109 90 93 8 181 103 205 227 145 200 2 160 63 41 11 253 209 89 156 131 52 241 187 80 92 244 167 106 45 155 233 143 251 84 186 141 124 70 109 223 207 111 108 190 174 106 245 212 40 47 95 248 185 239 91 94 199 68 157 163 99 39 88 144 125 161 84 127 0 172 178 115 90 71 98 161 176 218 49 84 80 238 244 225 72 76 125 40 233 72 4 38 153 64 196 162 128 20 181 55 117 49 9 154 
90 101 6 104 164 33 166 155 76 4 162 128 18 138 99 10 90 4 37 46 105 129 181 159 74 92 212 88 150 46 105 180 128 54 243 75 214 152 194 144 210 17 29 
33 21 101 9 200 163 53 12 6 103 38 156 42 172 72 187 169 153 230 166 197 36 72 173 78 102 160 86 21 13 57 141 43 234 29 70 140 82 72 56 163 168 186 145 98 165 84 226 168 109 139 176 230 187 15 6 105 155 164 123 201 71 31 193 235 80 206 122 239 221 59 110 130 152 107 3 136 133 192 101 42 195 42 122 131 222 163 142 24 162 77 144 67 28 73 215 8 184 164 59 19 170 226 166 24 85 203 16 7 189 12 44 80 184 214 81 126 75 68 243 31 212 244 172 221 72 93 92 38 111 228 101 207 220 74 141 245 54 167 163 48 175 33 221 183 251 245 159 176 254 117 172 89 236 80 122 27 218 32 38 22 244 7 2 180 245 25 4 86 
39 158 188 82 145 195 137 254 41 203 109 249 121 168 155 138 35 184 162 34 229 164 92 117 39 2 183 111 46 161 178 137 146 77 199 248 64 94 212 166 174 197 82 60 242 178 57 230 187 19 62 17 72 250 210 231 2 157 173 160 249 121 116 27 97 108 175 169 219 255 0 191 154 216 213 36 107 141 123 158 192 47 245 170 123 25 212 213 153 119 173 254 145 40 29 159 2 164 157 191 120 244 173 161 36 122 96 45 59 251 84 19 156 179 17 222 129 245 39 251 50 99 77 251 193 246 101 233 46 248 185 147 218 139 143 154 231 53 117 33 146 225 219 212 212 21 210 142 148 37 21 67 29 78 169 96 25 162 144 5 55 189 0 20 83 1 166 138 99 29 142 41 54 154 9 13 166 151 20 135 113 113 197 55 20 128 97 20 218 164 1 69 48 10 40 24 81 64 27 28 208 72 199 90 5 96 205 56 26 4 46 238 57 165 206 120 169 0 205 12 125 42 122 138 195 105 13 3 18 152 223 173 59 0 148 252 85 18 49 250 83 64 169 232 90 248 73 21 125 40 101 166 32 0 246 160 140 82 177 55 20 83 24 210 234 82 27 154 157 91 138 108 82 44 217 198 110 46 99 136 12 239 56 175 82 211 109 197 181 162 70 59 10 202 71 13 
103 173 139 70 160 154 65 28 101 155 160 172 204 136 226 149 38 93 200 115 75 44 201 10 110 115 80 216 202 18 106 51 51 226 5 219 250 154 145 116 235 171 214 223 121 38 23 208 213 37 220 27 177 175 105 101 111 106 63 116 131 119 247 143 90 194 241 29 195 125 184 161 10 68 92 45 41 50 232 47 120 198 251 216 147 52 232 225 139 204 192 141 105 106 122 9 180 104 192 22 36 199 65 214 169 107 50 2 33 78 63 189 67 125 206 57 74 242 50 88 230 161 110 
132 213 88 218 2 219 110 105 87 103 44 57 166 95 68 236 170 49 243 110 203 86 166 209 146 137 90 43 118 87 201 35 21 44 157 42 91 185 155 151 51 46 104 128 127 104 137 27 162 10 113 147 205 213 231 152 127 207 66 106 100 97 45 202 95 235 39 76 127 19 102 164 159 133 111 173 29 0 52 179 178 57 223 
218 169 185 196 116 194 218 154 236 184 212 173 83 209 127 248 170 204 212 164 253 237 203 142 236 113 73 10 31 17 205 183 189 54 186 209 218 37 42 211 184 135 210 84 128 82 138 67 29 77 197 49 92 74 70 20 174 54 0 113 75 76 66 210 138 0 90 90 67 10 76 82 16 198 90 136 138 164 3 104 170 40 41 104 
1 40 166 6 177 166 243 64 128 117 207 243 164 169 24 185 163 52 88 24 102 157 187 154 9 2 212 155 169 88 104 51 197 55 53 66 20 83 247 113 82 4 108 115 72 13 62 129 98 80 104 99 72 155 18 45 35 26 157 196 32 166 55 90 109 20 132 81 154 153 83 214 129 73 157 71 132 108 183 201 246 130 58 125 218 238 23 138 198 71 159 63 140 9 170 151 203 190 210 85 30 149 147 18 220 230 237 39 155 121 242 157 145 72 228 10 211 183 180 146 228 251 122 154 105 14 70 221 181 188 86 223 234 151 159 239 119 171 89 166 204 208 51 170 33 102 251 170 50 107 138 190 158 59 171 169 167 133 10 71 43 110 0 214 79 115 166 138 234 68 48 144 133 233 83 91 143 152 26 106 87 55 114 208 154 241 241 6 208 112 92 226 177 174 158 23 189 249 93 89 199 165 46 166 17 77 145 183 124 86 117 225 96 220 244 237 91 64 234 163 185 167 225 117 51 79 35 183 108 70 43 83 196 175 204 106 41 79 70 97 83 248 172 193 139 165 53 185 60 
208 52 105 104 138 171 29 196 135 176 170 118 135 247 79 38 127 128 82 100 52 68 163 253 38 60 118 166 220 55 201 78 227 37 181 192 211 100 110 253 170 155 14 84 122 176 167 212 102 197 215 252 135 6 59 103 250 214 6 170 252 191 185 161 106 194 159 196 99 53 54 186 142 177 42 65 69 192 92 138 76 212 128 148 224 40 1 248 162 149 196 38 41 41 128 98 140 83 1 104 164 1 75 64 5 37 49 5 70 69 36 192 132 138 74 178 130 138 96 37 45 3 53 114 113 77 63 133 29 68 39 122 42 111 208 126 66 208 63 10 96 20 181 36 141 197 21 101 92 9 197 55 21 45 8 117 28 211 16 204 228 210 254 148 138 176 241 72 122 211 16 255 0 173 52 181 77 132 46 120 166 49 166 49 200 106 220 1 166 153 81 71 222 164 200 153 233 90 77 175 217 45 22 60 115 222 180 107 158 76 243 
68 166 158 106 0 130 27 40 34 206 196 28 213 197 226 172 7 230 151 117 72 140 237 106 238 36 178 146 6 63 188 145 127 74 230 148 229 184 172 186 157 
48 248 73 118 134 169 224 27 86 146 90 142 123 25 250 193 145 240 177 31 187 247 189 235 157 203 43 238 25 6 186 32 149 142 156 61 185 75 182 210 51 
167 205 201 167 78 158 108 97 123 142 148 173 102 75 247 100 108 120 122 15 179 196 163 185 99 35 113 84 245 185 183 106 46 135 254 89 252 181 18 248 142 111 138 119 41 71 208 212 102 171 169 170 53 44 128 93 34 71 53 80 96 90 55 29 232 234 101 113 150 191 241 243 43 54 126 88 254 90 171 115 194 1 76 181 185 58 252 186 122 123 154 138 17 186 226 53 245 106 177 23 179 157 73 241 217 77 115 154 163 230 224 15 78 105 67 226 46 153 158 212 218 232 58 69 20 102 129 137 75 64 137 99 92 245 169 56 20 153 35 115 69 73 65 77 38 152 132 205 45 0 45 25 166 2 102 138 144 12 209 76 4 164 164 46 163 13 
69 90 20 20 80 1 69 52 6 157 37 3 184 180 14 106 68 37 3 222 168 150 2 140 254 117 61 70 20 83 24 211 214 148 82 184 133 238 104 53 64 51 57 162 134 
87 65 244 148 132 56 113 67 117 169 184 132 205 52 154 101 14 78 181 209 120 94 208 77 125 230 31 224 164 206 106 255 0 9 223 33 226 157 154 228 56 133 205 20 0 225 78 205 48 23 52 102 144 28 206 175 60 119 55 219 211 160 77 181 73 126 253 101 115 100 88 78 106 221 168 203 150 61 23 167 185 166 130 76 198 212 100 221 125 54 207 187 187 138 165 37 154 188 69 247 224 250 86 145 118 52 132 249 70 193 9 137 78 113 248 82 255 0 25 21 82 238 83 119 
212 232 116 213 8 141 147 128 171 182 185 187 153 77 205 220 179 147 159 53 203 84 245 50 128 140 112 149 14 106 141 81 171 36 162 45 43 236 255 0 198 213 93 255 0 227 212 15 86 169 187 49 34 131 131 51 31 247 106 165 219 102 169 110 104 89 126 32 141 125 169 150 191 241 253 15 215 250 83 39 161 114 38 255 0 137 133 227 87 43 123 255 0 31 114 85 67 115 74 91 149 141 37 116 29 34 138 92 82 96 46 218 120 20 92 66 150 197 51 117 77 134 55 52 110 
167 96 23 117 46 236 210 1 180 102 152 5 46 104 1 51 75 154 68 133 47 106 0 5 54 129 133 70 213 64 54 138 161 133 20 12 212 166 158 180 132 20 116 164 48 205 2 144 174 31 74 15 90 119 0 34 138 2 227 59 211 169 136 81 72 71 52 104 29 70 82 175 90 30 168 161 244 157 169 18 45 33 166 1 73 72 162 104 
87 46 62 181 232 90 5 160 181 177 65 223 189 103 81 156 88 131 99 52 185 172 14 112 167 82 1 105 115 76 3 117 49 223 106 19 232 42 88 209 199 59 249 
199 126 54 239 230 159 10 54 123 226 179 177 209 228 93 78 5 78 210 121 22 94 156 110 53 86 208 201 238 115 199 230 147 53 44 159 234 241 76 161 148 
139 31 239 214 152 61 141 57 164 104 244 215 112 216 223 239 88 61 234 144 83 216 73 13 51 248 197 6 189 13 45 67 24 128 175 113 80 191 17 71 65 144 
200 79 250 44 132 247 115 253 43 62 115 153 64 170 45 22 231 232 191 74 173 20 187 110 144 250 80 138 130 185 119 77 97 52 151 77 140 124 185 174 106 235 254 62 36 250 213 71 226 42 26 73 144 82 87 65 184 228 92 212 184 164 3 130 210 55 21 34 33 207 52 149 67 18 155 76 97 78 160 2 146 144 11 75 72 65 73 64 11 69 54 2 209 73 136 67 77 106 16 198 82 213 12 41 40 3 84 138 105 246 160 79 80 163 28 81 212 1 127 189 208 209 138 4 195 28 123 210 115 
142 104 4 41 230 153 72 160 20 254 148 145 47 184 98 152 212 91 168 92 109 59 21 94 101 15 197 38 42 110 64 240 188 117 253 41 172 57 160 160 197 32 
21 65 115 103 70 179 19 222 170 191 221 28 154 239 99 249 70 5 97 51 207 170 239 33 249 165 205 102 102 60 26 51 72 5 205 25 164 33 51 89 186 173 241 139 253 29 7 204 235 201 169 145 107 115 157 187 222 131 247 121 199 173 82 183 185 146 25 9 83 201 235 85 24 221 30 141 56 169 68 208 75 231 146 226 40 149 70 24 252 198 173 234 211 230 53 10 78 25 191 74 45 208 228 169 14 89 25 113 242 220 210 200 249 110 180 117 4 61 106 104 254 246 123 210 37 143 213 155 108 81 197 159 187 89 34 171 160 226 52 212 144 46 233 135 181 52 83 216 183 169 127 199 224 92 253 213 31 204 212 51 240 224 122 45 4 162 56 248 179 83 253 234 161 214 232 125 105 238 90 44 220 30 106 148 71 55 66 170 8 210 145 161 165 131 12 23 44 123 166 43 158 185 255 0 90 213 107 113 199 226 100 21 36 81 52 173 133 173 13 25 107 202 217 197 38 218 134 77 198 147 80 72 104 69 162 42 81 86 49 41 104 0 197 38 40 16 236 80 105 0 
218 90 96 37 45 1 112 162 144 133 162 129 133 52 208 33 180 85 12 40 164 51 96 138 110 222 244 92 65 142 69 24 245 160 76 92 81 182 147 16 152 163 141 220 245 162 229 13 34 154 105 189 4 42 138 113 160 5 168 79 90 91 130 220 41 192 80 83 216 150 155 82 102 137 23 165 49 250 208 8 94 212 232 151 189 48 103 95 225 235 83 29 183 154 195 13 37 110 131 89 72 224 150 178 23 52 160 212 18 63 60 81 186 128 13 212 110 164 3 119 86 14 165 56 154 240 50 
116 85 219 83 34 162 68 6 232 240 123 214 99 89 191 94 49 252 233 193 157 84 42 242 151 236 44 214 8 164 184 144 102 78 131 216 85 107 183 221 46 63 
187 197 83 122 153 202 124 242 17 56 90 138 129 196 150 58 177 110 55 48 30 180 136 145 91 80 111 222 96 116 21 80 116 166 84 118 25 86 108 71 239 27 240 160 114 216 46 121 191 144 103 59 91 110 105 151 77 254 177 189 5 49 13 124 173 164 67 63 195 84 97 230 238 154 41 108 79 63 222 52 221 46 48 242 220 59 244 2 169 108 82 118 137 98 17 254 139 38 125 43 14 245 49 51 31 198 156 119 8 50 159 122 210 176 80 128 49 173 101 177 164 246 45 93 220 164 159 117 118 214 115 183 53 154 8 34 35 81 181 90 52 25 78 197 80 11 182 150 164 3 34 151 138 4 194 154 104 184 134 81 76 161 104 160 2 138 64 20 83 0 164 52 128 74 74 160 22 131 64 205 111 198 138 150 75 18 148 212 92 65 245 160 241 84 43 9 78 29 42 135 208 136 211 15 106 55 25 32 167 119 168 36 15 74 132 213 21 17 69 40 167 98 137 41 185 231 20 183 32 120 224 83 77 0 40 171 218 124 6 123 168 212 12 140 243 82 103 81 251 167 113 110 162 56 130 47 65 192 169 179 88 179 136 51 78 6 144 133 205 25 166 192 77 212 19 64 12 146 93 137 184 215 59 32 30 105 219 247 123 86 77 234 92 73 148 225 49 77 161 8 125 209 219 10 141 217 227 56 172 172 229 170 145 80 36 99 132 20 193 210 153 162 36 7 229 171 118 139 243 55 251 11 67 34 102 109 209 255 
0 72 127 173 68 126 237 6 136 101 92 176 235 154 171 131 43 192 222 100 187 143 241 115 69 217 229 189 219 20 32 11 177 229 146 190 149 70 207 254 62 90 168 165 240 147 72 114 106 91 79 150 218 95 122 58 18 246 37 143 139 57 189 107 38 245 105 196 168 110 102 99 230 173 18 219 35 2 180 102 204 172 90 153 154 69 140 52 148 192 49 74 77 48 26 90 155 84 48 205 37 0 59 117 25 205 33 9 154 40 0 162 129 133 20 128 90 41 136 41 41 0 148 117 170 0 35 
6 138 1 26 221 233 61 197 75 11 133 29 250 209 208 155 133 25 4 82 183 81 177 115 73 154 64 48 154 97 171 11 146 45 56 82 16 134 162 166 82 10 112 165 113 203 68 62 147 189 35 59 143 237 77 160 164 135 14 181 210 120 118 15 147 207 110 253 41 61 140 49 26 35 161 6 157 88 28 98 230 157 154 96 25 163 52 8 76 210 102 144 204 237 66 234 63 49 109 78 237 204 55 125 42 137 251 220 86 102 137 6 255 0 154 164 78 91 154 104 25 86 234 64 115 142 245 89 
23 39 21 162 41 108 57 249 164 21 37 14 207 204 42 236 31 45 187 201 158 188 82 100 72 198 206 227 159 94 104 53 102 131 106 253 167 203 12 174 79 68 205 1 34 181 168 195 125 5 49 185 150 37 235 147 154 58 136 109 228 133 157 185 39 235 85 172 190 252 141 78 198 159 100 115 26 158 19 254 130 255 0 92 208 34 56 230 62 94 42 188 195 117 89 118 179 51 157 113 32 169 102 106 178 200 51 77 205 50 196 205 20 0 26 109 49 141 165 166 1 138 67 64 132 162 129 133 58 144 130 138 0 40 160 2 150 144 5 37 48 18 129 214 128 232 73 39 74 140 80 40 154 199 173 52 251 84 142 193 154 81 244 160 148 20 81 112 14 41 15 74 64 71 147 73 222 171 97 146 142 148 119 161 146 15 81 84 151 16 167 45 80 236 56 208 58 210 32 125 39 90 6 75 109 30 249 66 250 215 107 
105 18 195 2 162 244 2 162 163 232 113 226 55 44 230 151 53 153 207 113 69 63 52 174 49 51 70 234 0 110 105 11 82 17 137 120 222 118 162 178 133 226 
49 183 175 222 166 131 80 108 24 203 83 243 136 27 61 233 244 25 66 86 231 20 228 233 154 177 145 231 154 126 106 70 42 253 234 146 229 241 104 145 247 199 205 76 158 166 127 122 67 90 26 137 86 201 219 104 195 215 138 205 146 200 225 225 73 168 73 255 0 73 79 106 180 4 51 181 65 12 158 92 39 222 
173 26 197 16 180 172 123 154 190 167 254 37 136 222 184 166 209 83 67 96 79 220 239 169 85 115 27 102 164 202 76 205 157 112 213 4 189 107 69 169 172 72 141 54 153 160 148 225 210 128 25 154 74 96 63 20 162 144 132 160 208 3 105 184 166 48 197 45 23 16 81 64 194 138 0 41 104 16 82 80 49 41 69 2 36 110 148 218 72 13 46 244 119 161 160 97 64 235 83 109 9 65 205 21 73 216 4 52 132 208 198 48 210 3 76 100 171 210 151 53 36 141 122 138 173 23 17 105 203 73 177 177 212 84 18 56 210 83 66 54 52 75 125 243 111 35 129 93 48 60 86 83 220 225 172 253 225 217 163 53 153 145 32 60 81 186 139 3 19 117 
4 211 1 187 170 57 36 10 188 210 232 6 86 220 116 52 164 252 181 38 168 110 105 46 95 144 189 133 52 62 165 14 173 205 76 120 76 85 22 200 169 217 166 50 72 169 147 55 238 56 254 38 160 158 165 90 111 122 101 138 62 245 79 43 126 233 87 222 144 152 139 196 38 161 78 103 52 1 94 228 242 194 171 31 
245 117 172 13 224 66 77 106 63 203 99 18 123 83 144 234 15 31 45 168 95 122 116 127 234 205 102 115 178 132 252 185 170 82 117 171 137 209 2 58 109 
89 98 81 154 174 131 27 82 5 169 16 180 133 168 1 187 168 164 22 22 144 208 33 41 41 140 41 41 136 90 40 24 81 64 5 20 0 148 162 128 31 154 90 68 216 210 166 125 104 7 97 73 164 163 97 5 45 50 172 37 53 186 212 238 196 51 173 11 84 89 48 52 149 54 32 107 83 43 77 138 10 112 172 198 46 105 203 214 
139 144 216 166 149 70 77 2 232 117 90 92 94 85 180 126 226 175 131 88 72 243 228 238 197 205 40 169 36 126 105 55 85 0 102 147 53 35 19 53 82 243 37 56 245 165 212 34 82 52 254 54 80 104 55 61 234 172 173 146 77 81 81 35 65 150 165 144 228 213 22 52 82 230 164 9 51 136 218 146 98 5 178 143 226 170 18 42 212 125 232 40 146 60 23 167 207 247 192 30 148 128 31 136 197 69 107 203 185 53 65 208 167 49 203 83 27 238 85 196 222 4 27 114 194 181 102 
232 163 210 134 42 187 143 111 245 98 149 127 213 154 131 2 147 15 158 170 78 191 53 90 55 137 88 210 86 151 44 74 74 99 21 105 219 169 12 110 105 180 8 40 160 98 210 208 32 164 164 2 81 76 4 162 129 133 20 8 41 105 0 82 211 16 218 51 76 163 90 146 164 151 168 131 167 62 180 15 189 67 37 135 210 138 22 136 96 115 72 220 209 230 50 62 131 142 148 83 25 55 106 110 105 18 4 211 59 208 90 98 83 133 85 132 58 129 82 75 29 86 180 248 247 206 41 17 61 34 117 75 199 78 148 234 231 60 225 65 167 173 0 25 164 221 72 3 52 153 166 198 134 230 168 202 237 230 183 165 70 229 196 136 115 65 52 203 26 231 106 85 71 36 154 178 144 244 227 154 133 155 154 101 33 51 78 28 211 40 149 207 200 7 173 69 57 232 59 84 162 17 9 233 76 170 44 150 42 36 57 150 144 130 102 249 120 168 224 59 96 53 67 232 83 147 239 85 175 249 102 5 50 153 6 221 210 138 183 33 203 210 38 91 131 125 209 79 233 29 34 74 63 197 85 231 173 17 170 43 83 106 205 68 160 80 49 105 180 128 74 74 96 20 80 2 210 210 234 33 40 166 49 41 40 1 105 40 0 162 128 10 90 5 112 165 160 99 77 54 168 102 201 244 166 84 117 39 113 41 77 49 48 165 6 166 192 21 25 163 97 236 55 52 162 168 68 148 128 212 128 148 195 197 49 160 167 138 111 97 177 105 113 72 145 213 177 164 197 131 186 165 187 35 26 187 27 57 165 205 115 244 56 69 167 246 170 184 9 73 154 64 25 166 230 166 224 67 60 155 20 154 170 210 113 65 172 80 139 72 122 213 12 130 87 207 21 15 122 163 100 135 183 11 80 19 69 130 35 71 90 154 63 189 76 114 30 255 0 126 160 144 252 244 92 148 136 218 154 41 22 77 31 74 79 226 166 64 201 58 82 14 32 170 40 168 223 235 42 211 30 40 41 145 199 247 234 102 255 0 89 72 134 57 186 10 86 
255 0 87 64 138 95 197 80 76 192 213 26 162 177 166 213 163 80 165 20 12 67 76 166 32 163 20 0 82 210 0 162 152 196 162 128 18 146 128 10 40 0 162 128 10 90 4 20 180 0 211 77 166 138 53 207 52 222 253 255 0 26 66 22 138 146 110 28 255 0 15 52 85 20 157 196 166 147 82 214 160 50 156 189 106 186 0 250 74 146 68 166 85 117 47 204 81 79 20 3 23 248 189 169 106 8 31 24 203 87 67 167 174 200 57 169 145 141 109 139 153 163 53 139 56 199 10 118 104 182 132 137 154 51 76 98 102 154 77 72 21 166 109 199 21 17 244 162 230 219 15 251 177 230 160 45 214 170 32 87 99 156 210 47 90 189 139 9 15 53 17 165 185 72 104 169 226 233 76 114 16 158 73 168 73 163 96 68 76 121 160 80 81 56 63 37 34 210 32 138 74 116 156 38 42 134 84 28 203 86 30 153 79 113 177 253 234 151 171 210 36 86 235 74 255 0 118 144 138 125 234 9 23 154 209 27 34 3 81 158 181 69 133 45 3 10 74 96 24 162 144 5 20 132 33 162 152 196 162 152 196 164 160 65 69 3 10 40 0 237 69 49 11 75 72 99 77 54 152 35 92 211 79 181 4 138 61 169 63 134 166 224 132 205 58 130 131 181 70 105 146 52 
211 133 80 52 56 244 161 107 54 72 134 153 85 114 133 21 38 40 96 216 180 134 144 139 86 73 186 85 250 215 68 159 119 158 181 156 206 90 204 118 112 
40 172 140 7 244 20 102 129 88 76 210 81 228 22 2 106 54 110 40 185 72 172 72 45 66 242 212 26 88 116 205 192 21 86 70 226 132 17 68 52 241 86 81 27 
28 154 101 35 64 169 51 129 138 100 200 99 31 150 162 160 104 140 245 167 45 50 153 51 125 218 101 34 70 127 21 19 154 99 91 149 226 229 234 103 235 
76 111 113 99 235 79 31 122 145 32 122 210 201 210 129 21 127 138 152 245 70 136 172 245 13 90 53 65 74 40 24 81 76 65 154 109 72 9 69 3 10 42 132 20 148 0 82 80 48 162 128 10 74 0 90 40 1 212 148 8 67 77 166 52 107 211 77 22 36 66 8 165 169 1 64 162 141 216 196 52 195 222 152 196 165 163 204 67 251 83 69 43 18 41 20 202 11 10 145 105 136 117 51 189 34 77 157 62 44 12 158 181 165 210 177 123 156 82 220 41 226 160 129 104 163 200 4 239 73 158 105 12 110 106 41 15 24 167 97 196 135 165 57 58 211 177 119 25 43 115 85 164 60 211 138 26 27 78 52 198 69 69 5 133 58 129 17 200 105 157 168 43 161 
21 74 157 105 148 61 233 167 165 73 3 7 222 166 207 86 152 250 145 67 214 164 106 119 24 228 167 14 181 34 23 189 36 180 196 138 227 173 6 153 161 4 
139 85 141 89 104 109 58 153 65 65 233 64 134 211 104 176 9 69 49 133 20 0 180 148 88 2 138 67 10 74 98 10 90 6 37 45 2 29 73 82 33 13 54 172 163 255 217