255 216 255 224 0 16 74 70 73 70 0 1 1 1 0 0 0 0 0 0 255 219 0 67 0 10 7 8 9 8 6 10 9 8 9 11 11 10 12 15 25 16 15 14 14 15 31 22 23 18 25 36 32 38 38 36 32 35 34 40 45 58 49 40 43 54 43 34 35 50 68 51 54 59 61 64 65 64 39 48 71 76 70 63 75 58 63 64 62 255 219 0 67 1 11 11 11 15 13 15 29 16 16 29 62 41 35 41 62 62 62 62 62 62 62 62 62 62 62 62 62 62 62 62 62 62 62 62 62 62 62 62 62 62 62 62 62 62 62 62 62 62 62 62 62 62 62 62 62 62 62 62 62 62 
62 62 62 62 255 196 0 31 0 0 1 5 1 1 1 1 1 1 0 0 0 0 0 0 0 0 1 2 3 4 5 6 7 8 9 10 11 255 196 0 181 16 0 2 1 3 3 2 4 3 5 5 4 4 0 0 1 125 1 2 3 0 4 17 
5 18 33 49 65 6 19 81 97 7 34 113 20 50 129 145 161 8 35 66 177 193 21 82 209 240 36 51 98 114 130 9 10 22 23 24 25 26 37 38 39 40 41 42 52 53 54 55 
56 57 58 67 68 69 70 71 72 73 74 83 84 85 86 87 88 89 90 99 100 101 102 103 104 105 106 115 116 117 118 119 120 121 122 131 132 133 134 135 136 137 138 146 147 148 149 150 151 152 153 154 162 163 164 165 166 167 168 169 170 178 179 180 181 182 183 184 185 186 194 195 196 197 198 199 200 201 202 210 211 212 213 214 215 216 217 218 225 226 227 228 229 230 231 232 233 234 241 242 243 244 245 246 247 248 249 250 255 196 0 31 1 0 3 1 1 1 1 1 1 1 1 
1 0 0 0 0 0 0 1 2 3 4 5 6 7 8 9 10 11 255 196 0 181 17 0 2 1 2 4 4 3 4 7 5 4 4 0 1 2 119 0 1 2 3 17 4 5 33 49 6 18 65 81 7 97 113 19 34 50 129 8 20 66 145 161 177 193 9 35 51 82 240 21 98 114 209 10 22 36 52 225 37 241 23 24 25 26 38 39 40 41 42 53 54 55 56 57 58 67 68 69 70 71 72 73 74 83 84 85 86 87 88 89 90 99 100 101 102 103 104 105 106 115 116 117 118 119 120 121 122 130 131 132 133 134 135 136 137 138 146 147 148 149 150 151 152 153 154 
162 163 164 165 166 167 168 169 170 178 179 180 181 182 183 184 185 186 194 195 196 197 198 199 200 201 202 210 211 212 213 214 215 216 217 218 226 227 228 229 230 231 232 233 234 242 243 244 245 246 247 248 249 250 255 192 0 17 8 1 224 2 128 3 1 33 0 2 17 1 3 17 1 255 218 0 12 3 1 0 2 17 3 17 0 63 0 243 110 62 239 20 211 199 90 2 214 28 199 60 138 69 234 59 84 236 22 177 177 106 126 79 231 237 87 64 27 107 22 206 105 119 32 156 109 146 155 77 12 69 63 157 30 212 175 168 175 113 203 197 60 71 235 85 208 158 162 54 60 166 6 178 23 253 87 63 123 189 40 232 105 4 72 58 10 117 93 198 39 165 15 214 139 141 88 130 224 116 168 58 113 140 254 52 247 41 6 57 167 109 38 157 198 216 161 79 74 122 65 35 15 184 198 167 168 249 146 37 91 25 159 254 
89 145 86 19 75 126 172 232 42 174 97 42 186 19 29 58 56 185 98 205 250 102 164 88 45 148 101 130 143 169 172 249 136 230 109 10 215 54 113 110 229 127 1 85 219 86 131 24 72 95 244 169 73 178 185 100 247 33 147 85 149 135 202 138 191 81 85 94 238 102 239 143 165 90 137 162 167 20 71 27 185 147 231 98 107 89 95 31 128 165 49 72 100 114 98 76 156 86 45 195 150 152 250 102 156 74 165 184 69 214 166 99 133 192 173 10 123 145 115 223 154 79 165 45 
6 39 241 115 65 163 168 194 138 99 1 205 24 169 191 66 109 168 81 76 97 138 74 96 37 20 135 160 132 210 83 233 168 133 231 210 140 10 44 2 154 49 83 
112 66 30 180 85 1 163 101 47 231 90 141 242 241 249 214 82 57 164 181 177 72 126 250 232 183 240 175 74 144 245 169 99 19 28 211 187 81 228 75 37 129 57 201 169 93 169 153 245 36 183 139 121 220 122 83 39 147 205 110 56 81 89 245 18 67 119 108 78 62 245 79 10 229 65 199 38 155 6 75 142 105 180 25 137 218 146 139 92 97 81 191 74 67 68 84 218 162 204 115 247 177 77 35 233 239 93 55 59 133 232 56 235 77 28 158 58 138 74 192 182 52 44 31 107 227 
171 117 53 170 185 32 103 154 202 118 57 170 238 54 110 62 108 84 74 115 207 233 82 31 100 28 252 194 160 119 195 98 139 13 15 73 57 169 148 147 210 
153 46 194 4 102 45 187 63 210 179 25 118 77 52 121 232 220 211 76 184 176 95 185 210 148 26 166 85 238 40 52 159 49 109 161 79 229 72 90 33 69 180 238 51 229 183 21 32 211 167 228 178 99 241 230 159 50 23 180 69 132 211 126 81 190 79 202 165 251 4 33 142 91 63 239 244 165 205 109 73 114 184 223 244 88 143 72 227 250 82 54 163 12 124 35 111 246 228 84 59 200 94 206 228 15 171 54 114 144 127 223 102 161 109 82 235 248 95 203 63 236 83 246 102 145 164 138 239 115 59 231 51 62 15 92 26 128 227 175 95 173 92 77 118 12 12 154 9 227 158 213 82 212 65 215 154 67 68 74 29 7 14 43 85 248 119 201 21 50 50 153 66 238 82 191 40 252 106 143 122 34 92 73 227 27 83 52 204 146 40 11 106 31 90 109 53 161 91 0 165 167 112 16 154 109 61 128 117 45 72 11 
69 32 19 165 55 189 80 32 197 38 40 1 41 112 40 6 20 80 2 210 80 192 67 64 160 11 22 175 182 127 194 180 164 156 139 118 147 171 31 231 81 51 9 45 68 182 143 202 183 68 63 120 117 169 13 65 35 143 11 68 107 189 240 41 18 217 104 128 188 10 136 252 212 92 204 178 242 170 218 199 18 129 187 111 206 
69 87 81 140 19 210 164 17 53 191 239 84 177 24 171 29 5 4 55 168 118 164 166 33 180 99 154 67 24 198 163 237 72 162 58 8 21 99 185 153 117 6 48 227 
167 74 174 107 104 234 119 32 20 55 63 43 115 86 214 186 13 15 183 253 219 101 15 214 183 226 108 214 85 12 42 171 234 72 87 42 220 85 110 152 172 140 226 13 235 207 225 80 200 161 156 30 71 21 69 196 81 229 175 90 155 237 49 162 252 170 88 254 84 201 105 177 134 225 203 98 52 249 141 68 246 211 75 33 102 76 49 235 154 158 165 69 165 160 229 211 159 104 203 170 250 138 154 61 54 60 252 251 155 254 5 85 204 67 168 63 236 246 113 125 240 159 240 38 163 237 54 80 240 172 191 240 26 92 205 138 210 145 90 109 77 63 130 39 56 245 53 89 245 73 186 42 70 190 245 49 131 47 217 245 100 77 123 115 180 129 51 174 123 41 170 206 197 207 44 79 212 214 234 201 27 173 22 131 113 75 244 233 65 87 27 69 59 128 26 82 105 50 88 218 40 99 23 147 214 133 66 106 175 160 94 196 208 196 220 149 86 169 165 243 68 101 158 161 144 103 202 204 239 156 211 35 27 164 218 106 174 145 166 150 38 63 122 146 151 152 9 198 234 74 90 128 148 189 168 1 184 165 170 184 92 41 69 72 11 65 165 97 13 38 140 211 67 10 78 149 94 65 113 59 211 169 128 218 90 0 40 168 1 41 
40 176 14 70 193 171 224 249 147 69 24 63 40 59 170 89 156 203 180 191 237 86 123 152 12 206 78 106 242 39 149 31 125 212 201 144 198 52 222 220 210 
16 191 206 158 170 178 56 140 245 237 72 25 109 34 17 140 45 63 20 238 98 37 55 28 84 136 76 83 95 165 5 17 211 13 50 134 211 113 76 171 216 206 123 
165 120 200 217 207 189 86 231 212 227 251 187 184 173 62 19 190 59 13 62 220 26 82 114 191 119 53 65 234 53 62 240 53 179 167 182 229 30 181 19 90 92 206 166 198 128 110 56 170 174 184 118 227 173 66 57 213 132 234 57 166 149 13 128 127 74 45 114 211 177 36 118 240 183 223 231 235 83 162 193 26 241 26 127 223 57 162 77 236 76 174 198 201 50 133 109 152 207 176 197 67 61 244 145 166 227 16 111 114 105 146 161 169 77 245 25 152 31 155 104 244 21 3 221 92 63 222 184 144 143 247 170 249 116 58 57 82 34 45 207 90 110 113 77 88 171 116 27 156 10 76 254 71 154 178 131 62 162 155 69 199 160 159 119 157 185 199 189 20 152 121 129 61 177 74 1 61 169 162 68 254 44 96 212 241 218 78 227 229 141 141 38 197 205 98 194 233 115 158 219 63 222 169 83 
76 25 249 159 241 81 83 237 76 165 80 159 236 182 113 127 172 113 255 0 2 53 19 220 217 69 254 172 130 125 150 179 230 148 132 148 153 26 223 7 114 184 106 171 122 252 17 217 170 148 117 212 210 40 207 169 227 27 87 119 115 90 26 176 199 52 148 128 74 110 105 128 119 162 152 9 75 72 5 165 164 1 154 105 166 1 72 41 32 12 209 154 44 3 73 165 29 41 176 97 154 117 43 0 148 132 211 1 40 166 59 9 154 187 100 127 123 248 84 180 68 246 52 197 33 250 86 39 49 98 206 32 228 187 15 148 84 178 182 78 79 83 75 169 147 248 136 88 246 161 185 160 178 57 101 242 35 221 183 57 56 28 214 140 22 251 112 239 
247 168 243 38 123 22 104 169 49 26 105 189 168 24 149 31 90 6 71 76 170 26 27 77 52 211 41 106 99 157 184 233 159 122 132 228 26 218 39 160 39 191 173 56 117 198 105 220 66 119 244 171 182 45 219 169 167 37 160 84 124 200 218 83 253 222 148 201 215 39 34 176 110 199 31 82 3 245 164 94 62 180 95 66 132 12 106 68 7 181 34 174 73 229 100 54 77 87 191 249 173 122 159 151 4 211 20 89 145 156 10 51 154 217 51 165 136 79 189 37 23 16 103 174 59 209 
143 74 54 40 6 105 85 27 56 57 252 169 146 201 150 206 102 233 25 197 90 77 45 207 86 81 82 228 101 42 132 233 166 71 156 60 143 248 82 201 111 167 193 141 196 126 60 214 106 102 119 147 5 191 180 183 7 202 4 251 32 197 66 250 199 63 185 140 143 247 141 77 174 203 141 59 238 86 109 70 237 251 175 
229 85 222 89 159 239 72 213 162 129 175 34 66 8 11 114 119 19 235 82 11 127 83 70 194 114 29 228 133 201 94 191 74 175 47 205 69 238 56 106 65 176 110 235 82 183 222 198 122 86 133 9 77 164 49 57 163 138 64 54 150 170 227 10 78 212 173 113 88 41 105 128 189 105 148 174 8 90 74 16 5 37 0 38 104 205 48 98 209 64 5 20 128 78 212 119 170 0 171 54 205 181 170 100 75 216 214 25 90 116 49 153 102 8 1 172 78 86 236 105 77 182 47 221 32 227 214 170 159 83 80 102 132 192 197 44 107 159 152 208 80 255 0 177 45 224 7 126 21 90 180 241 85 125 12 166 239 160 82 98 130 6 210 84 117 24 198 168 205 72 200 200 166 214 131 25 142 105 166 154 101 35 15 44 58 14 212 54 226 43 127 103 125 79 77 13 97 243 102 154 51 249 113 69 173 161 34 149 230 165 183 109 178 46 105 189 129 155 150 239 159 94 152 169 228 27 147 21 207 56 216 228 122 50 168 224 240 113 77 35 243 160 8 167 44 15 90 124 6 67 211 118 42 190 201 122 90 232 180 35 36 245 166 73 3 53 187 229 115 199 106 17 156 101 169 130 160 178 10 147 203 56 244 250 214 135 72 36 50 57 192 4 254 6 172 
13 54 225 191 229 159 253 245 198 106 83 33 201 45 203 11 164 72 51 189 227 95 64 57 169 87 78 136 124 207 188 143 174 41 74 102 126 214 251 11 183 76 139 169 135 35 167 20 191 218 214 240 140 70 28 241 252 21 30 243 15 103 41 106 202 210 235 46 79 238 147 254 250 53 92 234 87 184 249 36 242 255 0 220 167 24 119 42 52 210 220 174 242 220 74 191 189 150 86 83 207 38 145 33 45 202 47 30 194 182 228 72 217 178 95 178 201 215 129 245 167 139 85 7 
27 183 127 187 83 123 51 59 147 173 161 219 196 77 248 212 233 106 227 209 71 181 75 145 155 144 191 101 245 118 111 210 154 82 221 122 237 252 105 115 11 82 55 154 48 191 43 85 73 208 30 152 161 61 77 160 172 85 95 145 183 122 83 107 83 64 197 20 152 198 154 41 5 134 210 213 238 3 122 209 64 197 
165 164 72 153 164 63 141 48 66 82 82 27 10 40 216 97 142 104 160 65 71 90 0 58 81 154 96 37 20 12 42 72 206 26 144 153 175 27 101 65 173 155 84 91 123 112 255 0 242 214 65 154 202 91 28 19 43 204 192 114 237 198 105 129 131 183 7 53 5 89 218 227 100 52 91 15 50 116 141 199 7 138 16 158 136 218 72 194 46 22 157 138 103 55 81 49 73 138 150 49 42 51 71 64 25 76 34 166 224 48 212 100 113 84 104 52 244 166 26 164 51 7 60 210 167 215 240 173 223 186 122 34 30 190 198 155 220 255 0 119 63 157 30 96 135 246 205 48 54 214 230 168 55 54 108 36 202 228 214 138 214 19 57 103 185 81 190 89 120 233 72 
253 51 82 251 12 100 158 166 145 12 159 242 206 51 78 253 3 161 62 219 211 145 247 41 62 199 35 243 52 255 0 149 73 28 200 120 211 237 144 124 220 227 187 26 79 51 79 131 63 58 103 243 167 204 197 239 72 141 181 104 20 98 56 229 111 167 21 93 245 121 155 0 44 120 247 249 169 242 154 123 61 53 43 54 161 118 224 126 249 212 118 2 171 50 153 57 108 177 245 53 167 34 53 94 238 194 136 142 71 248 84 203 104 221 78 113 72 110 99 133 180 99 171 46 125 133 79 29 162 156 109 141 216 251 241 69 204 92 137 227 179 124 249 138 33 66 123 226 167 22 127 223 147 230 246 168 111 66 28 187 13 104 172 226 57 125 155 189 79 52 215 212 45 97 233 207 251 188 84 235 33 218 76 139 237 237 33 204 48 183 252 10 145 190 223 38 78 2 47 160 163 150 219 133 146 23 236 19 72 71 157 57 56 236 57 166 189 181 178 117 114 79 161 52 211 72 57 153 94 227 201 88 192 136 14 189 133 86 243 43 84 244 55 142 196 12 220 83 106 138 234 45 37 33 141 164 170 99 10 79 173 8 4 165 161 128 180 181 0 32 160 143 122 160 184 218 79 173 0 20 83 64 38 104 160 97 75 154 44 32 235 
73 64 108 20 82 0 6 156 58 208 35 123 71 77 242 43 190 60 184 249 57 171 90 149 238 38 227 239 123 214 79 115 143 147 154 161 149 52 172 204 11 49 39 235 86 108 100 249 155 52 61 142 201 199 220 38 151 214 182 108 108 214 56 99 115 247 152 103 233 82 142 26 155 22 241 77 197 6 2 17 73 72 6 154 136 210 1 134 152 106 64 105 166 53 50 145 25 166 213 20 142 120 227 191 52 246 199 106 232 104 244 134 114 113 214 156 50 61 168 230 232 36 172 40 207 
65 205 71 248 15 202 171 208 58 23 180 246 193 198 115 91 163 143 122 194 167 188 206 106 187 149 238 148 125 236 125 106 60 99 32 81 234 68 110 32 169 146 224 38 56 53 22 27 3 112 122 129 72 26 103 124 115 85 98 108 100 234 80 183 219 126 125 205 149 207 60 250 213 117 137 186 0 106 214 167 71 54 132 233 105 33 63 112 227 220 212 191 97 10 62 102 85 250 115 71 53 136 230 37 138 209 63 133 101 106 157 108 100 235 229 42 251 147 79 156 78 69 161 98 199 239 200 216 255 0 190 106 54 142 206 38 253 228 131 62 237 89 185 17 118 246 24 117 43 88 9 242 183 19 254 207 20 198 212 230 127 248 247 181 231 253 174 105 70 50 123 141 82 254 97 163 251 78 65 180 47 147 64 211 100 147 254 62 174 55 255 0 184 58 83 118 67 230 75 225 29 253 157 105 0 201 3 234 72 160 53 188 7 247 81 143 248 8 161 74 226 187 123 143 107 137 155 238 169 255 0 129 26 111 250 71 121 2 255 0 186 106 108 59 36 70 209 111 
255 0 92 236 255 0 90 102 35 28 36 120 170 76 106 229 107 191 165 82 110 149 105 155 196 141 250 98 129 245 171 44 92 81 83 113 49 180 222 244 192 74 42 134 20 157 233 250 128 82 212 128 180 184 164 3 112 105 41 128 152 163 97 167 208 5 216 115 70 211 233 67 1 180 81 176 11 77 164 33 104 160 96 41 104 3 122 194 109 182 139 24 250 213 205 139 145 33 3 117 101 35 136 173 119 16 153 129 224 126 21 28 112 132 232 105 115 104 109 205 238 216 214 178 211 197 212 34 89 91 17 158 139 235 91 24 244 226 145 197 55 118 24 166 210 36 105 164 160 8 143 90 97 160 67 8 166 154 6 51 21 25 20 128 101 51 173 62 166 136 231 192 226 147 156 244 174 163 210 242 30 51 219 2 165 49 103 175 21 147 106 228 232 70 62 246 57 166 50 224 230 171 68 202 177 37 174 
22 117 231 142 135 138 233 86 162 111 161 205 92 73 215 116 39 233 84 170 108 76 54 10 139 118 56 35 154 79 64 177 60 36 99 222 173 115 143 149 115 74 228 16 201 3 76 217 107 117 206 56 243 15 21 40 180 127 47 231 144 32 244 81 70 193 126 132 76 150 136 79 157 32 252 90 152 111 236 32 226 24 201 127 246 22 139 183 176 114 183 184 135 82 184 147 253 85 177 255 0 129 210 19 169 73 213 132 95 149 62 94 229 37 24 141 254 204 51 28 221 79 188 122 30 212 228 211 236 227 234 191 247 209 163 158 218 7 59 232 72 36 180 135 136 213 120 255 0 102 158 215 172 195 229 71 250 154 78 236 92 189 89 22 251 150 60 108 81 77 242 156 255 0 172 156 159 198 132 85 210 27 228 91 239 206 220 181 77 131 252 43 69 197 123 137 177 143 241 5 166 48 65 252 77 154 
124 192 55 120 3 138 133 231 244 106 69 88 163 35 150 39 214 169 103 47 215 138 210 39 66 212 15 90 81 86 59 142 164 205 72 13 57 164 237 84 8 74 74 
162 130 155 64 133 226 147 125 0 40 60 211 183 98 150 224 195 120 163 125 32 183 113 60 202 60 202 171 0 158 101 47 155 74 193 97 172 222 181 30 121 
162 195 31 154 74 4 45 20 144 5 56 117 166 35 66 218 64 187 121 173 37 147 205 207 60 10 198 103 59 64 87 53 37 180 94 109 194 69 253 238 245 49 34 82 58 104 162 88 97 88 147 238 160 192 167 98 155 57 132 197 48 208 33 180 198 164 34 51 77 197 0 52 138 101 72 12 52 198 164 81 25 21 25 235 86 82 57 210 72 111 90 80 199 30 162 186 29 207 78 194 211 179 32 254 46 41 18 196 45 159 74 107 114 42 148 6 34 54 48 121 174 170 209 188 219 56 159 12 9 94 245 51 141 140 43 147 86 107 175 151 41 65 209 123 214 38 20 198 99 230 25 253 42 57 81 124 204 181 8 217 92 122 79 28 95 194 79 173 74 47 228 147 136 32 255 0 190 133 11 222 39 151 184 110 212 228 110 162 49 236 113 74 52 233 100 4 207 114 100 20 253 212 46 100 182 28 44 44 225 249 156 243 238 105 226 91 43 112 124 159 45 79 251 2 165 204 155 74 66 27 246 37 130 111 63 90 103 157 51 125 192 0 247 162 197 114 216 105 142 121 62 243 145 248 210 125 149 51 243 182 227 239 69 197 206 74 177 133 251 163 244 167 109 109 167 238 169 63 196 105 162 69 42 7 36 211 25 162 31 194 27 235 82 49 134 229 20 117 81 80 53 217 110 135 112 250 83 221 148 144 153 154 79 245 104 77 30 77 195 62 27 229 247 167 97 221 1 181 138 55 204 210 140 250 138 128 203 98 185 24 243 56 238 41 171 148 174 204 210 249 184 56 224 30 149 9 27 122 86 167 74 10 145 122 82 144 152 53 55 20 196 134 158 148 116 20 34 132 
164 166 2 83 105 45 193 8 105 51 85 96 99 150 156 105 128 155 56 163 109 43 136 66 180 152 162 227 12 26 118 40 4 49 169 130 152 14 233 78 237 72 5 162 144 5 57 58 209 208 76 187 109 110 101 111 150 181 98 79 45 49 89 72 198 66 138 232 180 155 95 46 202 55 150 32 179 55 205 78 199 53 98 246 41 166 160 200 97 166 82 16 211 76 160 6 226 154 105 48 24 105 134 144 134 26 140 210 25 29 49 169 150 142 115 118 59 81 207 106 236 234 122 123 15 75 121 
164 198 200 164 63 133 90 143 72 186 110 94 47 47 159 226 52 57 69 25 202 172 75 81 232 167 248 231 31 64 42 212 122 77 170 156 225 137 245 38 179 246 157 81 207 42 172 185 21 188 48 103 201 141 83 61 113 222 165 172 165 171 212 205 234 32 21 70 241 118 201 192 224 210 123 142 55 76 175 208 81 136 223 5 199 74 162 249 153 102 57 44 162 254 30 127 51 65 212 65 249 99 86 197 76 174 46 91 238 67 246 153 115 149 24 168 255 0 127 35 125 227 249 211 183 113 232 137 62 205 221 177 154 127 217 147 39 0 159 165 33 57 18 172 92 96 32 20 240 152 234 252 251 82 147 251 36 92 107 108 233 146 106 57 46 
35 70 233 138 81 125 7 172 138 239 123 142 159 165 48 92 75 39 43 27 125 42 236 104 163 109 199 249 23 71 178 168 165 54 100 12 205 61 23 136 185 187 12 35 79 67 153 31 204 63 157 35 106 48 33 253 197 190 79 169 226 150 172 44 222 229 105 53 59 134 24 82 138 58 240 181 86 91 219 135 224 204 255 0 
76 226 180 228 187 53 80 43 151 25 251 181 19 26 189 141 98 47 241 211 156 98 130 136 187 212 203 67 16 17 234 104 164 47 65 157 41 42 145 67 105 40 
0 61 105 180 32 27 218 138 176 20 82 231 154 155 0 253 220 82 169 169 38 194 19 197 38 104 184 192 181 52 156 211 67 27 64 166 0 105 104 0 165 233 64 5 57 122 138 4 205 187 17 182 61 217 197 89 223 187 154 230 107 83 22 186 155 154 5 174 86 75 153 19 229 110 35 200 173 130 42 142 41 235 33 164 84 
102 166 228 145 19 77 205 0 37 37 3 26 105 134 154 32 97 166 84 140 140 138 140 244 164 49 134 163 52 20 132 93 46 217 78 237 185 250 213 132 182 130 63 185 2 3 244 173 220 219 54 114 108 155 36 100 3 197 39 181 100 187 152 139 182 151 20 50 236 45 24 164 0 122 84 23 113 238 135 233 205 49 173 204 254 56 197 53 186 17 76 220 128 21 39 21 114 8 144 243 205 2 158 197 165 139 0 253 218 113 43 252 110 105 54 97 98 22 185 129 57 24 63 90 141 245 37 20 173 114 212 30 236 139 237 115 191 221 86 199 210 148 71 116 199 230 77 191 90 37 20 87 186 47 216 139 99 205 159 63 141 55 202 211 227 255 0 150 159 133 9 133 219 216 5 245 148 35 108 118 219 253 197 68 250 188 196 109 84 69 95 238 211 228 147 43 147 185 82 75 251 166 227 237 46 163 209 120 170 174 225 142 95 230 62 245 124 150 53 72 143 125 38 227 90 150 52 55 231 75 180 147 210 158 192 199 121 77 222 160 148 97 241 233 82 40 177 41 197 
184 20 203 24 58 213 133 233 82 72 119 166 213 122 140 74 109 43 140 78 148 132 209 184 13 164 170 72 46 45 4 80 9 140 232 105 42 152 197 164 231 181 33 10 77 29 169 0 82 80 2 138 117 32 27 154 40 1 104 162 192 45 62 62 180 50 89 188 169 251 148 2 181 52 155 87 154 234 50 170 24 33 201 172 174 97 
85 218 7 84 106 55 32 117 32 125 106 46 113 34 133 214 163 12 35 143 157 189 5 101 207 169 78 71 31 47 210 164 180 138 67 80 184 55 11 251 198 85 207 35 61 107 162 35 12 71 189 59 88 42 45 66 138 100 13 34 155 138 9 176 195 81 154 6 51 21 27 84 177 162 51 81 17 205 34 139 196 82 30 107 75 104 105 
54 32 252 71 214 157 222 166 246 32 92 81 79 114 174 20 10 58 8 90 77 188 83 11 152 251 124 191 147 210 155 252 84 149 205 145 22 229 140 158 41 209 
220 55 240 3 78 197 250 147 121 55 179 113 130 185 245 169 83 76 145 191 215 207 29 39 202 145 60 233 108 53 173 172 227 207 153 113 255 0 143 82 125 170 198 60 8 162 4 251 81 173 137 180 164 69 253 176 255 0 242 201 64 207 115 85 164 212 110 79 252 181 43 254 239 20 212 110 245 53 140 18 42 73 9 
 72 199 123 179 143 246 170 45 254 149 122 26 36 38 242 105 187 179 214 169 0 131 158 244 239 41 137 232 106 134 72 182 196 255 0 16 31 133 90 77 50 
86 25 218 213 157 210 51 115 177 106 61 45 151 153 101 69 30 157 233 173 253 157 0 249 165 98 125 58 212 243 223 98 46 228 87 107 251 88 207 250 61 177 255 0 120 214 101 212 158 117 212 146 17 247 155 53 113 139 221 155 211 86 220 143 181 48 154 164 88 163 239 85 161 210 153 33 214 155 72 161 135 
173 37 0 37 54 169 0 134 155 222 128 28 41 212 128 93 162 154 203 138 7 114 58 40 16 82 208 2 83 177 77 131 10 76 210 1 180 180 192 90 90 144 1 79 94 58 83 17 210 105 168 100 183 135 24 36 32 205 107 193 168 69 99 30 216 173 183 78 71 204 194 176 103 29 93 73 190 213 171 92 253 196 104 208 250 85 
119 211 238 228 255 0 90 234 199 223 154 149 19 30 100 137 35 211 0 255 0 90 249 255 0 101 69 74 108 173 207 88 129 170 185 58 153 159 217 197 46 182 160 253 221 109 245 98 125 105 13 187 142 162 129 8 69 48 208 72 195 76 106 145 17 26 140 138 96 70 106 54 21 40 168 151 177 77 173 46 110 45 40 21 
54 51 182 161 64 170 232 49 104 165 208 65 69 0 102 223 38 39 243 15 241 26 172 71 60 117 161 26 197 232 27 163 142 64 101 92 213 212 212 55 124 160 
21 252 105 88 28 46 174 77 191 122 214 94 182 48 96 113 144 173 242 210 20 55 50 247 243 76 243 61 43 116 142 145 155 205 52 147 239 84 138 28 35 115 252 39 20 255 0 179 156 245 253 41 92 110 86 44 199 166 78 199 136 223 30 166 172 199 163 191 222 118 136 45 75 145 131 170 186 22 62 203 101 0 253 
253 226 3 232 185 230 160 55 122 108 39 247 72 210 154 142 103 208 149 25 50 41 117 150 35 108 54 145 198 191 90 168 247 215 50 117 147 111 251 156 81 236 251 154 198 154 69 86 30 105 203 252 199 222 149 98 110 203 90 154 92 147 236 237 142 126 90 168 122 211 82 190 131 139 27 77 170 177 67 151 239 85 165 53 34 99 182 226 155 138 150 77 198 154 142 170 197 161 180 148 192 15 90 109 48 1 78 247 161 128 187 169 119 84 136 110 69 37 3 19 52 83 0 
163 61 169 128 148 148 0 82 138 24 5 45 43 0 180 238 130 144 141 207 10 237 184 213 62 207 55 49 237 201 92 240 107 187 138 43 123 127 248 246 134 56 191 220 24 168 158 135 157 95 227 27 35 147 214 161 39 21 153 4 69 233 185 164 43 142 197 56 85 33 33 248 162 144 198 211 13 33 12 34 152 69 0 68 106 50 41 176 35 53 25 235 80 5 211 214 144 214 166 193 142 105 106 9 208 92 81 138 125 70 6 151 21 76 144 197 24 244 165 97 162 181 244 123 173 189 235 48 99 240 246 169 230 54 129 11 169 146 49 158 162 136 35 233 147 86 172 104 222 150 54 160 77 217 56 170 154 202 7 211 74 100 111 95 152 12 210 189 140 33 241 28 247 146 249 231 165 77 21 140 178 159 146 54 111 160 173 238 117 57 36 91 143 68 184 56 220 170 131 31 196 217 171 131 71 72 83 116 178 143 248 7 21 147 158 134 78 173 246 24 210 104 240 28 55 239 72 236 50 106 15 237 168 225 226 218 205 85 125 71 21 62 252 134 169 183 185 94 77 110 245 206 68 130 63 247 42 148 151 19 207 204 211 73 33 255 0 104 213 170 125 89 162 166 145 14 221 189 23 25 246 169 99 137 156 124 185 53 69 61 137 126 200 127 136 129 248 208 177 219 134 198 230 102 244 20 185 180 34 237 143 92 103 16 199 154 176 45 111 36 92 21 216 61 205 73 60 200 142 234 215 202 132 188 146 169 255 0 118 178 28 243 90 64 214 158 163 40 170 52 1 214 173 174 49 82 238 18 31 70 218 130 6 176 168 136 170 67 67 13 37 85 138 18 146 152 13 167 80 198 37 38 105 92 65 69 30 96 20 83 1 41 105 0 82 81 168 10 41 105 238 32 165 160 5 3 154 37 235 72 58 147 105 183 109 105 122 146 33 32 244 53 233 75 114 29 119 103 239 115 89 204 225 174 189 226 57 238 18 40 154 73 24 42 47 82 107 18 231 196 118 40 225 99 243 38 7 248 151 160 
172 174 201 141 39 35 42 247 196 23 45 54 44 37 48 198 59 129 243 26 216 240 245 252 215 214 178 125 164 150 146 35 247 255 0 189 85 203 161 173 74 106 49 54 41 226 131 144 125 20 12 110 41 180 0 195 81 154 66 35 106 137 169 1 29 68 194 167 168 209 116 138 76 86 173 244 52 29 69 78 192 2 138 109 8 90 40 179 4 29 77 46 41 11 97 29 114 164 86 35 47 148 197 58 149 226 145 164 72 249 230 153 20 119 15 242 196 171 248 154 165 3 86 209 163 253 151 114 203 251 251 206 61 22 147 236 90 124 57 243 36 220 127 139 38 149 215 67 43 182 180 32 58 190 155 108 229 109 108 218 92 28 103 128 42 188 222 34 
186 117 33 35 72 135 108 157 213 92 173 238 109 26 95 204 82 155 84 191 148 29 247 114 224 246 83 129 84 74 239 59 219 159 173 93 146 55 75 151 98 77 172 105 235 105 43 127 13 59 171 9 200 147 236 161 126 243 162 251 82 102 1 208 111 246 20 174 69 217 102 20 156 227 236 246 228 123 244 171 95 96 190 151 253 125 192 85 247 169 110 198 78 104 27 76 183 78 90 102 52 229 251 20 61 45 212 159 83 222 162 239 160 123 210 17 239 200 28 62 7 167 106 171 45 249 110 51 186 151 45 202 84 204 251 201 217 215 149 170 85 188 21 142 136 232 130 146 172 99 123 213 184 15 20 164 54 77 131 78 172 201 26 106 
38 20 208 209 25 20 218 208 99 105 40 176 33 180 162 144 194 152 105 216 144 205 45 33 139 72 104 1 185 165 25 167 96 31 73 72 5 165 160 65 222 148 3 64 15 3 28 212 14 114 198 128 67 87 239 12 244 173 244 241 4 209 96 65 10 240 49 251 206 106 101 30 99 58 148 249 202 215 122 157 246 162 187 37 152 152 255 0 184 156 45 64 182 210 191 220 66 106 52 134 128 173 4 107 219 104 104 209 15 54 77 178 119 239 91 218 109 156 86 54 222 84 37 142 121 102 
110 244 229 35 142 165 94 109 11 226 164 21 153 144 234 49 76 2 152 105 136 97 168 200 169 25 27 84 77 64 136 205 66 122 212 108 50 245 37 106 205 94 162 210 212 145 97 104 2 168 126 98 209 72 3 20 99 154 52 1 72 172 157 65 49 115 184 158 26 144 214 229 51 215 138 111 158 209 182 20 224 213 51 116 174 79 10 253 163 6 102 103 250 154 208 142 56 237 249 136 109 53 45 104 68 159 67 155 212 160 63 218 151 59 114 84 200 72 53 0 182 99 212 227 241 173 34 253 211 162 47 66 65 2 175 223 111 251 230 158 139 19 113 20 79 39 225 154 166 219 19 122 22 227 179 190 56 196 62 88 61 248 169 70 148 252 253 170 243 143 238 142 213 23 72 195 159 177 32 179 211 83 239 102 95 171 84 130 242 40 143 238 33 84 250 113 89 183 41 10 210 123 144 207 169 191 247 
241 84 222 249 152 245 103 170 72 214 48 208 174 110 37 97 247 84 83 9 125 220 177 167 202 141 6 249 96 227 140 211 132 121 237 87 123 1 5 234 148 85 207 115 84 234 225 177 164 118 19 154 67 87 98 174 37 79 110 220 82 144 23 151 238 230 138 202 230 108 110 41 54 82 1 140 149 17 74 105 150 48 138 110 43 75 140 105 20 32 201 164 3 217 113 214 163 43 66 96 51 20 160 80 33 104 166 49 10 211 128 164 2 226 148 10 0 80 41 118 208 73 32 142 157 179 20 174 34 41 78 22 171 83 69 5 106 233 240 35 46 230 64 255 0 90 30 198 117 30 133 215 243 113 247 128 95 238 212 214 230 176 57 158 198 156 13 87 227 
169 57 172 90 90 148 85 0 252 81 138 6 55 20 152 160 6 17 81 53 33 17 181 66 212 132 70 213 19 82 25 120 138 49 86 107 112 197 45 33 11 75 138 0 41 104 123 10 193 69 52 48 170 90 148 123 160 221 253 211 154 77 141 110 100 125 106 41 20 22 220 63 90 19 58 22 132 137 116 176 10 148 205 119 116 8 138 9 8 239 142 40 81 51 208 122 233 186 140 196 110 101 136 119 220 115 79 26 77 188 99 55 23 123 191 221 52 244 136 249 255 0 148 2 105 81 124 203 110 37 63 237 243 78 109 81 145 54 196 177 162 255 0 116 82 188 152 114 95 226 42 75 169 191 252 245 227 253 147 85 30 244 250 22 252 105 40 154 168 88 
132 203 43 251 84 120 118 251 204 126 149 123 12 22 33 216 84 162 51 233 84 23 30 45 219 140 211 196 3 63 51 113 80 43 139 177 7 106 79 49 71 106 111 81 25 250 131 110 219 138 165 143 90 210 158 198 241 216 41 166 180 40 74 85 225 170 0 187 27 212 189 106 108 64 14 41 115 82 72 211 77 52 33 140 32 26 143 101 81 68 108 180 209 214 159 66 139 10 219 190 245 53 163 164 34 45 180 220 85 92 97 69 48 20 41 167 237 197 34 68 165 20 92 7 241 154 112 97 80 73 32 122 137 222 168 10 140 217 52 211 87 177 66 214 254 144 7 216 212 231 150 169 169 177 149 93 139 174 181 15 221 106 192 230 47 91 181 105 
66 106 76 228 92 74 157 42 137 37 162 129 9 138 97 20 192 97 168 205 75 2 38 168 90 128 34 106 132 245 165 230 6 133 39 210 171 115 93 133 20 98 155 
16 163 154 117 0 45 20 10 225 142 40 197 48 22 153 34 102 54 95 81 80 208 92 231 28 20 114 143 193 205 48 5 57 12 51 138 119 182 199 87 66 220 23 182 214 241 128 182 188 227 173 62 109 102 121 58 225 71 81 235 83 239 50 21 50 148 186 148 146 125 235 137 27 31 237 85 67 115 129 242 165 53 29 77 121 70 25 100 62 212 194 25 186 154 211 148 173 7 4 167 8 155 61 40 217 16 217 32 183 63 74 147 201 76 245 99 64 93 134 16 116 80 41 12 184 237 80 3 124 218 140 177 161 12 97 207 173 37 49 238 85 186 92 174 69 83 201 173 225 170 54 76 67 77 170 24 180 148 1 60 102 172 135 172 164 38 63 52 220 212 146 54 154 90 173 12 77 244 185 165 36 49 184 164 197 22 24 10 92 224 208 2 241 72 80 99 138 8 184 207 46 130 152 25 166 59 141 221 73 186 157 128 51 73 187 154 18 29 131 117 46 234 118 1 124 204 10 132 190 227 69 128 109 2 152 5 110 104 103 113 242 255 0 186 181 51 216 198 183 194 108 58 85 121 83 210 185 238 114 197 142 129 235 82 6 160 137 151 227 171 41 76 130 97 78 160 66 83 13 3 34 52 195 64 17 53 66 212 128 133 170 35 73 129 160 69 21 166 
166 172 49 75 65 35 133 20 0 189 168 166 49 105 41 8 92 81 182 128 48 117 88 118 94 22 236 252 213 26 14 136 236 82 99 38 72 254 84 207 40 159 191 159 198 154 209 26 92 127 149 232 181 32 133 189 40 96 228 61 96 201 228 212 130 37 20 200 23 10 41 60 209 210 163 81 164 70 210 250 83 55 177 246 170 
229 208 161 41 180 214 227 18 147 52 52 32 164 53 35 232 54 69 204 117 154 195 7 21 162 46 3 105 166 180 70 129 75 82 33 86 167 7 52 164 33 114 69 47 152 59 212 216 5 251 223 118 163 32 211 11 244 24 105 57 170 24 187 154 141 212 128 112 52 234 66 28 40 205 33 1 146 160 103 221 76 164 132 162 168 
98 82 211 1 40 205 4 140 52 83 24 81 64 32 174 131 195 113 255 0 173 127 194 162 123 24 215 248 13 153 23 138 133 214 185 188 142 52 85 251 146 123 86 141 187 208 194 161 167 1 226 174 71 84 100 78 180 252 82 1 13 48 208 4 77 76 106 99 34 106 133 170 88 16 181 66 212 1 161 138 0 173 77 69 165 160 
67 233 113 83 97 6 41 113 76 3 20 98 128 23 20 152 164 6 118 175 14 235 111 51 186 86 11 113 72 218 27 16 133 15 205 60 34 250 230 175 161 160 185 2 
143 55 233 64 236 51 127 52 210 198 168 54 26 77 55 60 115 82 80 148 85 92 66 103 181 56 10 141 144 216 218 41 116 16 152 162 158 227 21 35 145 190 226 19 84 174 225 104 166 249 251 243 86 183 26 122 149 26 155 90 173 141 131 181 31 74 64 45 72 13 38 38 63 52 210 42 65 12 201 95 186 106 68 147 119 90 7 97 237 80 179 0 104 68 162 50 249 160 85 140 120 60 211 169 33 142 221 72 77 43 18 50 146 139 12 78 244 225 76 6 177 166 213 8 81 74 105 12 109 45 12 65 69 49 6 56 174 211 76 182 251 61 140 99 110 11 12 154 206 111 67 155 16 203 44 42 54 94 43 156 230 41 204 134 157 108 221 42 141 58 26 246 
237 90 49 154 17 145 97 106 65 72 144 166 26 6 68 213 27 83 2 22 168 154 149 192 133 170 22 164 35 71 20 234 179 94 161 138 118 40 24 180 180 172 196 24 165 197 85 132 133 197 46 41 0 152 162 128 35 154 63 50 38 67 252 66 184 231 253 212 141 25 234 135 109 46 166 180 208 195 39 122 76 158 213 86 54 27 154 42 64 41 166 173 0 166 147 20 121 148 47 122 74 5 184 148 167 165 34 186 14 142 57 37 251 136 72 169 133 163 159 190 193 61 168 148 172 75 149 182 30 45 98 94 165 154 158 144 162 255 0 171 137 65 245 2 167 152 203 153 146 21 115 222 179 245 88 51 18 200 63 135 173 56 177 194 90 152 166 154 69 110 118 13 39 218 128 105 128 130 159 72 7 3 205 63 53 62 100 140 110 180 202 162 135 249 135 21 25 166 132 38 41 244 152 196 167 81 96 12 209 76 66 81 72 97 73 65 34 98 150 152 14 20 211 66 0 197 37 59 136 117 38 41 1 165 161 217 253 174 252 110 7 202 143 230 108 87 95 88 212 103 13 103 121 
9 76 34 177 51 33 145 120 170 152 216 244 205 17 161 108 245 169 11 85 24 178 226 26 154 164 2 154 105 136 141 170 22 160 100 77 81 53 38 4 15 80 154 0 213 197 24 173 81 160 236 81 138 145 139 78 2 153 2 226 150 129 176 197 45 33 11 138 76 82 176 6 218 229 60 67 7 147 170 59 129 242 77 243 254 52 
205 105 189 76 154 90 179 162 225 71 122 64 144 180 152 164 32 237 71 122 101 110 57 81 156 226 53 44 125 133 88 22 18 255 0 19 36 127 90 123 25 201 
146 11 72 16 12 187 202 127 33 79 140 70 167 247 80 32 111 93 188 212 94 230 109 178 127 42 225 254 246 71 212 211 190 203 253 231 169 21 251 7 150 139 239 245 163 232 41 94 228 141 219 145 80 200 156 115 66 46 39 51 113 9 134 102 140 255 0 9 198 106 14 149 214 181 59 150 194 82 81 212 4 162 155 67 29 78 83 82 34 94 180 140 180 128 140 173 38 218 96 24 165 160 2 138 46 48 164 164 33 104 170 0 162 149 192 76 82 208 32 162 157 196 20 83 64 59 20 177 68 243 74 34 136 101 218 144 164 236 142 215 77 178 91 27 36 139 248 250 185 247 171 88 174 119 171 60 235 220 93 180 194 42 90 1 140 181 82 104 248 169 41 110 37 187 224 224 214 173 187 241 84 132 214 165 248 218 172 169 160 129 105 13 2 35 53 19 80 4 70 161 106 99 33 106 129 170 46 35 94 148 10 217 154 11 138 112 21 32 56 10 92 83 1 219 105 113 67 36 49 75 138 144 12 81 138 6 38 43 23 197 22 251 244 245 156 117 137 185 163 169 80 126 241 203 98 150 170 71 88 134 131 199 52 210 1 209 134 149 246 198 140 199 216 85 165 211 46 142 12 155 32 95 87 52 63 116 206 83 177 48 177 180 79 245 
215 18 73 255 0 92 215 20 184 181 141 243 5 162 147 234 235 186 163 82 92 174 88 255 0 76 151 133 4 39 183 2 156 182 7 172 146 31 160 160 207 208 147 236 208 129 202 134 255 0 123 154 147 126 6 23 52 153 59 238 70 73 166 17 82 49 49 77 52 117 24 194 199 235 77 110 69 49 163 39 82 135 127 239 7 222 31 122 177 156 97 185 174 154 123 29 148 246 24 248 237 73 84 106 20 148 8 81 69 33 142 6 165 86 169 72 76 94 42 51 76 4 164 166 48 165 197 33 9 73 
76 5 162 152 9 69 0 20 80 33 105 216 167 114 69 197 27 105 33 18 5 61 0 201 53 211 104 122 127 144 12 172 63 120 220 84 212 48 171 46 134 206 218 93 
181 129 204 133 197 33 90 146 172 68 194 160 144 83 98 40 200 54 73 145 87 173 101 233 65 79 99 82 39 171 74 212 204 201 51 72 105 8 97 168 154 152 136 154 162 106 144 33 106 129 169 1 179 138 92 86 166 163 169 248 164 64 224 41 212 0 184 165 2 128 23 20 98 128 12 81 138 0 49 80 221 66 39 181 150 
35 209 150 165 141 110 121 242 36 131 247 123 11 176 24 249 71 122 189 30 147 123 55 62 79 148 158 178 26 181 220 235 148 213 137 151 76 181 143 254 
62 111 188 195 253 200 70 49 79 255 0 65 133 191 117 98 174 87 163 75 243 26 78 119 209 24 221 178 200 151 81 157 118 34 200 23 209 126 81 74 52 217 
152 254 245 192 162 196 221 34 101 211 160 95 189 189 254 166 167 68 142 17 136 81 83 232 41 178 94 163 88 154 140 230 164 60 134 17 77 164 80 195 76 38 165 136 110 106 41 100 72 185 149 209 126 173 73 20 149 204 249 117 139 84 251 164 203 254 229 81 151 90 150 79 245 48 136 199 169 228 214 170 153 215 26 29 202 143 119 115 51 124 242 72 115 76 145 28 125 245 197 109 29 13 62 22 71 182 152 106 199 113 148 80 2 210 103 154 0 118 121 167 169 169 96 58 155 64 130 128 40 40 90 40 16 153 164 163 113 5 20 12 74 42 128 90 74 4 60 117 167 129 72 134 74 168 106 69 139 60 82 50 230 55 116 141 63 230 220 203 151 245 244 174 129 34 218 48 43 41 106 114 189 100 59 101 27 106 6 38 41 166 145 67 26 171 189 33 21 102 92 138 130 221 246 191 52 238 29 13 104 36 205 94 141 232 32 155 117 46 105 136 105 53 25 164 34 51 80 181 32 33 106 129 168 184 141 209 79 2 180 102 130 226 156 5 72 135 226 148 10 123 128 236 82 237 160 66 226 140 80 34 157 229 244 54 203 203 3 236 43 61 117 144 242 237 219 180 122 230 179 230 46 197 207 237 27 116 76 201 40 21 
82 109 122 1 196 72 204 212 239 125 16 249 74 99 82 191 153 177 106 187 51 215 96 165 254 204 212 46 72 107 137 10 143 246 206 106 185 2 233 22 99 209 96 79 191 35 183 176 226 173 71 109 109 7 250 184 84 31 94 245 66 187 123 142 103 53 25 164 3 8 168 205 3 25 81 51 84 128 194 213 19 55 174 7 214 149 236 5 43 141 70 214 28 239 156 31 101 25 172 217 245 245 233 111 110 79 187 211 138 114 58 99 65 189 202 50 234 151 210 143 245 204 158 209 213 116 182 158 98 204 177 179 30 228 241 91 198 49 137 182 144 45 71 165 191 252 183 149 19 233 243 85 133 178 182 81 209 165 255 0 122 148 167 209 25 186 133 148 253 208 62 72 17 255 0 185 197 50 88 188 204 249 132 177 245 168 190 164 249 148 39 182 120 250 124 194 170 50 26 209 59 154 166 70 69 54 168 209 9 69 52 192 74 112 52 49 146 102 141 213 0 27 168 221 64 172 54 146 172 2 138 64 20 80 1 69 0 2 156 42 201 100 170 42 120 227 172 238 100 203 208 219 51 116 173 109 59 72 123 150 251 159 47 173 77 206 122 146 58 152 108 4 49 237 65 78 48 98 161 152 161 190 77 48 199 82 89 19 45 66 106 75 68 
102 162 122 1 149 156 85 9 70 214 205 8 81 220 181 109 53 105 197 37 59 17 45 203 74 212 236 211 36 9 166 26 66 35 106 133 170 68 200 88 212 77 64 206 134 156 43 82 216 236 83 128 164 72 252 82 226 132 3 177 67 16 163 154 109 129 149 117 173 65 9 101 64 100 101 244 172 219 157 118 226 76 172 106 20 30 253 235 43 182 104 160 101 60 134 71 220 205 147 234 106 91 56 90 242 111 42 55 136 19 221 152 113 87 27 117 52 181 149 205 184 188 56 23 139 139 173 248 236 149 110 45 42 198 46 150 234 199 213 170 246 216 194 237 150 250 13 171 192 244 20 202 139 136 99 84 102 129 145 177 168 201 166 52 70 
205 80 150 205 75 96 84 184 188 182 182 255 0 93 112 139 250 214 93 207 136 45 147 136 33 154 86 245 63 40 169 81 114 216 218 20 100 247 51 102 215 111 92 31 44 172 43 236 57 170 82 53 205 227 126 241 165 157 189 249 174 136 83 81 220 235 229 140 16 244 211 102 192 206 200 179 253 234 182 154 117 
186 182 30 87 147 253 222 5 18 151 68 68 170 118 44 36 49 71 254 174 4 83 235 138 148 238 111 190 73 168 185 144 98 140 84 0 98 138 0 74 137 224 73 7 34 175 98 140 169 161 242 219 107 126 6 171 50 149 237 91 166 109 22 50 146 153 98 209 72 65 75 72 97 73 64 11 70 105 128 148 180 8 40 160 3 189 45 
80 133 21 34 210 37 147 32 173 11 104 178 69 102 204 36 206 171 195 90 12 186 190 163 29 164 100 40 235 43 255 0 117 107 214 135 135 108 98 180 88 45 34 10 23 185 161 237 100 114 184 185 236 67 39 135 70 223 149 212 159 165 98 222 105 198 22 193 92 26 202 87 69 114 56 232 204 217 33 219 85 93 105 
1 82 69 170 206 40 45 16 154 137 170 6 200 94 169 204 185 20 201 69 88 223 108 152 173 56 37 205 48 168 139 233 37 76 26 131 17 115 77 205 2 35 38 162 99 72 8 88 212 77 64 29 45 62 174 197 142 2 156 5 50 71 116 172 173 75 82 123 94 17 121 61 233 50 163 171 50 142 179 126 91 254 62 14 42 197 187 107 23 235 251 185 200 140 143 188 105 70 55 220 209 217 12 147 65 191 50 159 158 38 31 243 208 154 229 181 11 169 98 187 146 222 55 219 181 138 228 117 53 73 45 141 41 123 198 123 159 48 143 48 150 199 173 42 162 117 218 181 173 142 167 216 245 29 39 205 254 199 179 243 203 121 158 80 206 238 181 106 178 150 135 154 52 212 100 212 129 19 53 66 207 64 202 243 204 144 174 102 149 35 31 237 53 100 93 120 135 78 135 141 239 59 122 68 180 190 45 141 35 78 82 50 174 60 73 112 231 253 22 8 227 30 175 203 86 101 205 253 253 210 237 158 230 119 95 238 110 56 171 141 62 231 92 105 168 141 143 78 184 
63 118 16 185 238 220 85 168 244 160 191 235 165 237 209 69 105 206 144 58 157 17 101 44 237 163 231 201 15 254 240 205 78 89 246 237 7 106 250 10 205 221 179 29 198 236 201 249 185 250 211 182 115 83 113 54 46 40 197 77 196 130 147 20 121 140 74 42 172 2 98 138 0 130 104 149 193 12 43 46 120 154 
62 63 134 180 139 53 131 42 53 54 180 70 194 81 76 5 162 144 0 162 134 48 162 129 5 45 49 48 162 152 5 45 33 15 90 149 105 50 89 98 42 214 211 211 116 139 129 73 156 245 54 61 99 194 27 173 161 75 88 177 31 156 217 145 135 222 174 244 12 12 14 148 71 185 56 77 194 168 106 208 172 150 187 207 85 165 91 225 58 234 43 163 143 187 94 77 101 73 92 201 156 114 69 73 106 156 148 238 8 129 170 35 72 108 133 234 188 189 40 68 25 243 112 115 83 91 203 86 91 216 210 138 74 180 175 82 115 177 251 168 221 65 36 101 170 54 52 128 140 154 136 154 67 58 40 238 160 147 238 200 42 202 144 107 91 154 61 7 211 133 4 15 170 183 90 124 23 67 18 173 0 65 22 133 96 141 184 163 200 127 219 110 43 73 84 42 237 81 128 42 130 226 145 144 107 145 213 188 41 116 247 115 79 96 82 84 145 247 121 125 10 210 53 167 53 29 206 62 226 39 183 185 120 100 66 174 135 12 26 183 60 29 96 151 183 243 73 117 111 230 65 18 241 158 155 171 110 151 58 42 191 115 67 189 45 81 22 172 30 167 25 27 49 3 39 129 234 107 42 239 92 211 173 152 172 151 74 92 127 10 114 107 59 244 69 168 57 61 12 91 175 22 41 200 178 179 127 172 230 178 174 53 253 82 124 170 206 209 39 247 98 24 173 99 74 255 0 17 215 10 41 110 103 45 164 183 82 
111 242 247 177 234 205 87 19 75 108 3 36 200 190 195 173 104 218 142 133 186 150 209 22 69 133 170 159 186 210 127 189 83 167 238 184 129 22 63 165 
69 238 99 171 20 2 71 38 156 18 179 36 49 73 138 96 45 20 132 37 20 12 74 40 1 58 80 104 11 137 69 5 110 55 21 20 145 134 28 211 76 47 99 38 234 215 
203 193 79 187 252 170 161 24 174 133 169 211 9 104 37 20 198 37 20 208 5 20 132 37 45 5 11 73 72 66 210 211 36 41 212 92 99 150 167 81 73 178 36 88 
136 115 128 43 173 208 236 188 147 230 76 62 126 195 210 160 228 170 206 215 73 185 242 230 70 244 53 232 54 183 41 117 0 145 59 246 244 162 12 88 121 90 118 38 172 221 102 233 34 182 242 243 243 183 106 85 223 187 99 182 111 67 140 187 156 19 89 146 189 115 163 145 178 156 143 85 93 170 132 66 213 25 52 134 66 198 160 122 8 41 204 42 172 109 181 241 86 104 181 70 132 50 85 196 146 161 152 72 155 125 59 117 81 155 25 186 154 198 164 104 140 154 136 154 64 83 154 116 136 229 241 184 116 245 167 15 20 95 196 129 96 242 240 63 188 57 173 156 79 69 83 82 44 88 235 190 35 190 155 101 169 142 83 253 210 2 215 69 163 234 83 93 188 214 247 113 172 119 48 112 251 78 65 165 100 182 49 171 8 165 161 171 79 170 57 71 81 72 66 110 164 228 212 177 216 228 60 120 109 90 40 89 82 38 188 145 254 105 23 150 197 96 232 186 189 198 145 41 40 73 133 254 252 121 224 213 199 88 29 176 143 53 62 83 126 231 198 86 107 145 109 105 60 135 28 22 96 5 100 92 120 171 85 148 126 231 202 183 31 236 14 106 35 78 255 0 16 70 130 95 17 147 49 190 191 108 220 73 
115 115 254 241 200 169 19 73 184 227 238 66 191 237 86 190 236 81 179 146 142 197 129 167 219 71 254 182 70 147 253 222 42 196 107 12 99 247 22 232 
190 245 46 76 194 82 108 147 247 173 213 248 161 99 169 34 227 246 209 138 150 33 105 61 104 69 33 59 102 150 155 242 16 159 197 72 122 210 16 157 233 41 0 82 83 42 224 105 41 140 58 82 80 8 67 72 70 104 184 17 58 231 181 102 93 218 224 150 137 123 253 209 87 25 26 193 148 13 21 185 176 148 148 0 
153 165 161 128 81 82 1 75 66 1 104 170 1 105 226 130 73 18 165 76 147 128 51 83 98 89 208 233 90 111 147 137 110 84 25 123 47 93 181 191 19 98 178 150 231 12 159 51 185 126 222 125 166 182 172 181 89 32 57 142 77 191 74 134 65 164 222 36 185 217 254 179 31 133 99 221 106 70 67 146 196 214 118 52 
230 111 115 54 75 156 154 129 166 170 25 3 201 80 22 164 52 70 77 70 77 33 54 70 106 23 164 73 86 74 167 40 230 180 70 209 31 20 181 118 57 104 100 76 178 36 167 239 169 48 13 212 210 105 32 24 77 70 77 52 82 43 120 131 79 154 222 231 204 249 153 31 191 165 97 183 6 186 79 70 156 174 73 23 206 85 
8 86 201 227 204 233 94 129 160 233 95 217 144 150 118 204 206 57 3 162 210 216 231 175 47 178 108 6 165 221 80 114 7 153 88 183 126 43 211 173 165 41 178 121 200 234 83 0 86 119 214 200 184 83 230 216 65 226 141 37 212 149 188 49 183 109 209 181 113 151 186 190 161 119 145 113 121 44 131 166 208 
216 90 174 75 189 78 170 20 172 253 226 130 252 139 128 54 143 76 80 3 55 204 21 138 250 226 183 181 145 208 244 52 45 108 160 242 214 75 137 113 184 103 104 237 86 4 86 171 254 162 216 201 238 245 30 208 230 148 217 103 51 48 35 42 158 200 41 162 14 114 231 113 245 53 12 201 72 147 202 20 237 149 55 11 139 142 40 199 52 196 38 61 41 184 160 97 138 78 212 33 129 206 40 52 92 6 250 82 119 161 140 74 41 8 74 74 123 20 132 162 149 199 97 105 166 
152 186 133 54 139 12 49 154 141 214 128 70 109 213 175 59 212 126 85 69 227 197 109 22 116 38 50 146 174 230 129 69 4 133 20 198 20 180 128 90 49 72 66 138 117 59 136 122 131 233 93 30 151 98 176 47 154 227 247 167 244 169 155 57 235 75 75 26 202 106 96 213 205 125 78 82 84 150 167 89 234 152 15 
55 53 19 79 82 50 19 53 70 101 160 46 52 189 55 117 72 198 22 166 19 76 100 100 212 76 212 193 16 181 86 146 153 170 42 169 218 245 106 57 42 130 72 
180 146 84 187 234 44 98 208 237 244 153 164 72 210 212 220 208 51 175 223 198 58 169 237 88 122 238 149 103 60 6 85 2 6 140 127 203 53 251 213 173 218 42 14 210 57 77 54 97 13 228 114 201 111 230 34 182 118 215 161 219 222 195 117 16 150 6 249 79 233 77 221 154 226 35 212 147 206 166 249 248 172 
206 114 41 110 50 140 190 160 215 3 21 141 212 215 70 210 11 121 103 151 56 196 99 173 17 181 206 138 18 177 110 29 43 202 153 211 81 141 145 208 225 163 221 87 224 181 240 210 130 110 237 117 27 167 207 17 198 234 169 244 173 125 167 98 229 57 115 18 79 45 169 27 52 237 34 210 193 115 247 215 47 
41 20 178 220 93 92 199 18 79 51 186 196 48 158 213 156 181 213 153 54 66 32 93 217 219 82 133 250 211 34 78 227 182 241 73 182 144 11 138 76 80 36 32 20 181 44 161 141 69 52 12 111 242 164 166 49 185 226 138 61 6 37 39 20 174 48 166 210 16 26 67 69 202 18 138 98 10 74 6 20 83 1 41 58 208 81 27 47 113 85 166 182 89 61 141 82 101 46 230 108 246 207 17 245 30 213 95 21 186 54 78 226 82 83 40 57 165 169 0 162 152 135 10 41 0 163 38 174 91 89 180 
157 179 252 133 23 177 18 118 54 108 236 210 46 79 47 235 138 209 205 115 205 220 227 150 163 243 79 221 89 216 129 219 169 219 233 136 60 202 105 146 152 17 150 166 238 164 2 110 163 117 33 141 221 77 45 69 138 24 90 163 38 170 197 34 34 106 23 235 84 81 82 81 205 17 181 81 101 165 122 152 61 75 
49 100 129 169 119 84 236 72 155 169 185 166 134 117 62 109 101 120 130 119 254 203 113 25 110 122 224 226 169 160 142 178 57 2 223 49 207 229 91 126 27 184 242 90 104 250 6 92 138 209 163 174 175 194 110 27 193 158 77 86 147 80 85 59 75 114 107 14 167 39 43 32 123 169 27 133 83 138 102 233 203 110 18 50 55 168 56 52 208 236 35 196 210 62 233 217 228 99 213 156 231 53 32 135 140 80 223 64 114 232 63 103 165 63 28 210 36 92 81 138 119 208 46 24 164 160 145 41 189 41 148 6 154 122 212 20 54 146 171 96 18 146 146 41 9 73 64 132 52 148 12 41 180 198 20 148 15 160 83 104 24 117 162 152 130 155 
76 7 31 106 74 67 12 83 74 226 139 140 76 2 42 164 218 124 79 247 114 134 169 73 162 147 177 70 93 62 101 251 163 120 246 170 140 184 56 32 143 194 181 189 205 163 36 195 97 164 34 139 142 226 81 84 4 136 132 244 83 86 34 179 105 58 176 79 194 139 147 41 26 49 105 169 238 127 222 173 8 208 40 192 
199 225 88 202 87 57 100 238 79 154 90 200 139 14 205 46 234 157 201 29 186 141 220 83 16 110 164 221 64 8 77 48 154 0 77 212 153 160 104 110 234 66 
106 134 52 181 48 183 20 20 70 106 38 170 40 174 245 15 67 77 22 76 143 83 43 80 75 68 161 169 193 170 12 197 205 55 52 198 110 52 252 117 170 215 83 71 36 37 31 4 53 9 177 40 106 98 73 100 67 144 167 119 189 92 181 133 162 69 219 133 32 86 188 199 67 149 227 98 192 70 60 110 39 241 226 159 28 91 
65 233 205 70 134 44 148 37 60 45 43 19 113 219 105 113 70 196 11 69 43 49 5 21 33 97 41 180 198 37 52 245 197 74 42 195 78 49 138 13 80 9 77 169 13 
134 154 74 108 164 37 33 161 20 37 37 48 14 244 148 8 78 212 80 62 130 82 80 1 77 166 80 81 69 128 40 52 8 40 164 48 160 208 49 5 60 252 227 13 207 214 157 201 43 155 56 24 231 201 81 244 166 139 24 129 202 238 252 234 185 199 204 60 89 197 221 115 79 22 214 255 0 243 198 51 245 20 115 5 201 124 180 232 20 1 233 78 3 30 213 13 144 40 20 234 66 10 92 211 1 115 75 186 164 44 46 234 55 81 98 68 221 73 186 147 16 133 169 51 84 134 38 105 153 166 49 55 82 102 128 27 154 102 105 140 97 52 195 76 162 38 168 30 153 104 69 106 153 90 128 100 128 212 155 168 32 93 212 102 144 172 90 59 223 147 82 121 126 245 94 133 182 60 45 73 229 254 20 174 103 212 145 70 5 46 49 73 110 72 241 78 21 87 36 90 70 21 32 45 37 32 10 74 99 176 148 149 54 208 66 83 
105 108 128 109 37 80 33 180 218 70 130 83 104 11 117 20 211 104 40 41 40 1 41 162 128 20 210 80 48 239 72 104 0 166 208 48 162 152 11 73 64 130 150 
144 196 162 128 97 75 64 9 154 117 22 176 5 45 2 22 138 68 139 69 48 10 92 208 12 51 70 104 16 185 164 205 49 11 154 74 66 19 52 220 208 59 6 105 185 166 49 185 164 38 129 141 205 54 128 26 77 70 105 140 99 84 77 84 82 32 60 26 149 77 12 182 74 26 158 26 164 129 219 169 55 124 216 160 147 96 83 168 216 67 141 56 126 98 139 232 73 37 20 11 160 225 78 167 171 36 40 52 12 59 82 82 32 41 190 212 21 113 41 40 1 41 14 42 0 97 160 213 116 24 195 73 72 190 130 82 82 1 13 20 238 49 180 130 128 10 74 44 49 41 15 74 6 20 148 0 81 64 9 69 49 176 162 128 10 40 16 148 163 218 128 10 5 43 12 5 20 198 29 
233 212 137 10 40 16 82 208 1 154 90 4 37 46 105 0 102 147 52 196 38 104 166 2 102 138 0 76 211 115 76 6 210 26 6 33 166 26 69 9 76 52 192 97 168 205 81 68 47 72 166 168 162 64 106 64 106 73 29 84 37 105 150 228 142 78 59 209 212 113 58 207 165 63 140 84 189 76 174 0 115 79 3 156 83 123 16 199 227 154 117 47 64 232 56 80 105 146 28 210 26 5 123 135 225 69 0 194 147 20 128 74 111 214 139 49 223 65 13 54 164 99 105 13 3 27 72 69 87 160 208 148 149 54 24 148 148 0 132 243 77 162 197 11 76 167 208 66 210 82 40 41 41 13 133 37 22 16 81 77 128 148 180 192 41 41 128 80 122 210 4 45 37 0 20 102 128 22 138 64 20 83 16 102 151 52 128 40 160 4 205 45 0 37 25 160 4 163 53 86 0 205 55 53 34 12 211 105 128 134 154 105 140 76 211 115 76 99 105 166 152 12 38 155 65 68 77 81 116 53 69 143 6 159 154 145 88 120 52 175 142 166 139 11 169 209 82 212 36 96 208 180 241 85 98 122 142 205 56 82 90 8 90 90 
97 160 189 169 62 148 172 32 165 163 97 137 69 62 130 27 77 197 46 131 18 155 67 96 48 208 105 88 6 82 118 160 180 37 52 210 40 74 74 101 9 73 75 97 
7 122 74 6 37 20 8 74 40 40 41 180 196 40 162 129 137 69 12 55 12 210 83 24 81 64 130 138 64 25 163 52 8 51 69 32 10 90 66 18 140 213 20 25 162 153 33 154 51 74 195 10 40 16 153 164 160 65 154 109 8 97 154 74 98 18 147 52 138 27 77 52 208 9 77 160 99 13 52 213 12 140 212 109 76 209 13 6 164 6 152 
49 244 180 18 116 148 234 141 12 94 131 169 69 4 14 250 210 253 13 4 142 239 78 171 96 2 157 138 205 128 98 157 138 174 132 220 77 180 17 64 132 43 76 197 29 10 24 105 166 164 99 105 191 90 87 1 148 135 131 72 211 113 41 167 165 43 137 13 164 170 40 76 209 69 134 37 39 122 44 1 222 146 144 194 129 64 13 162 157 135 96 239 69 23 11 9 69 48 10 41 0 157 233 77 0 37 20 0 80 105 220 97 70 105 18 37 45 49 134 105 41 8 41 40 16 180 148 198 25 164 205 43 12 40 160 66 102 146 152 5 52 154 98 19 52 148 12 74 109 0 37 37 5 12 52 148 192 97 168 218 153 72 143 189 46 105 150 60 26 118 104 36 233 169 107 52 96 60 82 138 76 206 195 134 105 71 53 64 62 156 40 36 112 167 138 162 71 5 169 66 26 0 119 150 105 166 58 0 140 199 138 141 150 141 192 136 138 
102 42 10 68 102 153 67 40 105 166 82 184 238 37 37 5 136 77 54 144 5 37 80 196 164 52 128 41 40 0 164 163 65 133 38 105 130 10 67 82 48 165 164 192 
74 59 213 33 9 73 64 238 45 6 129 133 37 0 20 83 36 40 169 0 205 33 170 184 32 205 37 0 45 38 104 16 82 80 52 38 104 164 49 41 41 136 51 73 64 9 72 77 49 137 154 74 0 74 109 49 141 166 208 49 13 70 212 198 136 205 32 166 88 241 78 161 8 234 13 45 35 153 142 233 214 148 243 83 234 33 244 180 33 15 
20 241 84 65 34 138 149 82 130 89 101 35 226 172 37 190 106 144 155 39 251 39 181 49 173 77 49 16 60 6 171 180 88 164 12 170 235 80 56 172 217 100 70 163 53 37 17 181 52 240 42 138 67 105 51 72 161 185 52 153 230 129 133 54 144 195 52 132 80 80 26 74 0 41 13 72 1 164 171 16 148 80 49 123 82 82 176 5 39 122 96 45 39 90 155 140 40 166 1 73 64 130 138 0 41 40 1 41 105 128 148 80 1 73 72 65 154 76 208 144 9 70 105 128 153 162 152 9 73 154 0 74 76 
211 67 10 74 64 52 210 80 3 105 166 168 99 77 37 50 134 84 103 173 5 11 154 125 48 58 161 75 142 43 55 161 202 247 29 142 41 69 75 1 248 167 1 86 182 37 143 2 165 3 154 164 77 137 209 42 212 113 213 88 155 154 54 182 165 171 126 195 69 146 111 225 226 169 25 55 209 26 235 225 238 62 250 254 85 86 
243 68 104 215 118 1 30 212 218 7 9 195 86 96 93 90 236 237 89 23 9 82 87 66 132 162 170 61 100 202 43 189 68 107 61 139 68 102 155 222 168 177 132 210 83 44 74 74 155 12 74 51 64 9 73 64 194 146 152 192 210 82 0 164 239 64 130 138 6 37 20 2 10 59 80 2 81 64 5 37 82 24 82 154 66 27 70 104 0 164 161 33 5 20 134 20 218 98 23 52 148 134 20 83 24 218 40 16 26 76 211 220 4 162 144 88 74 74 96 37 37 48 27 69 33 141 52 218 161 137 77 160 98 84 109 65 104 109 58 168 14 184 122 84 128 86 125 78 89 33 113 79 2 134 72 240 56 167 109 170 67 182 131 212 115 86 99 143 53 70 108 179 28 85 165 105 107 184 213 19 99 169 209 180 192 238 11 125 209 214 186 133 80 139 181 70 5 90 216 219 13 79 222 230 29 71 90 14 233 199 154 54 57 61 114 220 69 33 3 167 106 228 46 235 51 200 90 25 114 154 166 230 161 171 150 64 213 9 172 218 44 97 250 211 104 40 105 164 38 168 177 180 148 138 18 138 86 16 148 148 134 
130 146 154 64 25 164 166 2 209 72 44 54 138 160 10 41 12 74 40 122 128 82 82 0 164 166 1 69 2 10 74 6 130 138 0 74 74 0 41 41 128 81 72 4 162 155 96 37 20 0 134 138 96 37 37 33 137 69 48 27 69 0 54 131 76 6 211 105 161 137 72 105 12 105 166 26 101 33 134 157 76 163 180 239 78 199 165 103 161 200 
60 10 126 41 136 144 45 59 101 50 201 162 143 165 93 138 58 163 41 23 97 139 154 217 178 139 154 119 20 81 214 233 96 11 126 42 245 82 59 48 255 0 8 
81 76 221 156 175 136 238 1 153 151 211 138 226 175 27 154 197 30 79 83 50 83 84 220 210 99 32 61 106 54 53 38 136 143 52 141 72 161 180 220 246 197 
50 144 157 169 40 1 40 205 33 137 73 223 52 196 33 161 168 24 82 26 10 10 41 0 148 83 16 102 130 105 0 148 83 177 90 9 69 50 68 165 165 96 18 138 44 
49 41 40 1 104 205 0 37 37 2 18 138 161 133 33 164 2 81 64 132 239 75 72 6 209 76 97 69 0 55 52 153 166 2 82 83 24 153 164 160 97 77 160 4 166 208 2 
83 106 138 24 105 160 208 89 219 14 106 81 89 200 229 99 170 81 72 132 199 211 133 6 133 152 106 252 53 162 50 153 126 30 181 167 3 226 147 29 51 115 79 189 17 253 227 197 107 165 196 78 56 113 77 78 198 144 169 200 236 197 105 162 65 150 145 127 58 200 212 117 200 145 10 91 28 183 247 189 40 148 
251 21 86 186 181 162 113 151 247 155 201 205 98 220 73 147 82 114 20 36 106 168 237 72 17 1 235 76 221 237 72 212 105 52 194 121 167 97 161 185 205 
37 22 40 110 104 166 2 82 82 232 48 162 144 5 38 105 20 38 105 106 152 8 104 20 8 110 105 123 82 24 148 80 32 239 69 0 38 105 41 128 81 64 9 69 3 10 
41 8 74 41 140 74 40 1 180 180 192 74 41 8 74 40 24 148 83 1 40 205 2 19 52 148 0 148 153 160 97 154 109 49 216 41 40 24 148 148 0 134 155 76 4 164 52 12 109 70 105 149 115 184 29 41 226 151 83 141 146 45 62 160 107 113 226 158 180 205 75 17 53 94 137 234 140 164 90 89 42 113 115 138 9 142 132 203 125 183 189 41 212 143 173 77 130 108 175 38 164 221 141 81 154 244 183 122 118 50 40 203 62 106 156 178 82 145 69 71 122 174 205 81 212 164 68 77 50 168 180 50 144 208 52 55 52 82 40 74 74 6 55 52 80 1 158 104 205 38 134 37 37 52 2 82 230 152 196 201 162 129 6 105 40 0 38 140 208 49 40 160 3 52 
102 149 132 37 20 12 74 41 136 74 74 96 20 82 0 164 166 2 81 72 96 105 51 69 132 37 20 236 49 41 41 220 5 205 38 106 64 110 104 170 1 51 73 65 65 69 
2 18 138 4 54 146 153 98 102 146 128 18 146 129 141 166 26 99 59 127 229 82 10 139 235 169 202 60 26 120 162 224 135 169 167 102 167 169 160 248 219 
21 105 37 171 38 68 162 122 105 158 131 38 48 220 83 62 209 239 65 23 35 107 143 122 129 167 166 34 6 146 162 103 168 99 32 118 168 179 74 198 131 9 
166 154 162 150 131 105 13 34 134 230 147 52 2 18 147 52 20 20 222 244 115 0 26 40 220 97 69 8 66 82 102 152 236 20 148 128 40 205 3 12 209 72 86 10 
74 96 37 20 0 81 76 66 81 72 98 82 80 2 230 146 152 9 65 160 4 162 134 1 73 64 5 37 33 9 73 154 162 130 146 128 10 74 64 38 104 166 49 40 164 2 82 85 0 148 148 12 41 41 128 148 148 152 13 166 154 101 35 182 207 52 224 106 14 87 184 240 105 192 212 189 0 126 105 193 179 66 53 23 117 46 252 83 184 131 206 197 51 207 167 115 25 50 35 49 207 78 61 115 73 230 210 51 104 105 144 250 212 102 74 44 22 24 90 152 94 157 139 177 30 234 102 105 20 132 60 
211 77 5 136 220 83 115 64 13 205 33 164 48 205 39 122 96 20 148 12 74 41 33 133 37 32 1 73 154 160 176 148 180 192 74 90 64 54 150 134 49 40 162 192 37 20 12 41 40 16 82 26 9 10 74 64 20 85 20 37 20 132 38 104 205 48 18 140 208 49 180 26 96 20 148 0 82 82 24 148 102 152 9 69 0 25 166 208 2 81 84 
49 41 105 12 109 20 192 74 105 164 33 41 180 202 71 101 154 120 53 153 204 214 163 254 148 225 74 226 28 13 46 105 216 97 186 152 94 144 246 68 101 246 212 101 233 144 27 233 55 246 20 34 44 33 115 76 205 86 195 16 181 55 53 37 33 132 211 77 93 236 80 153 166 154 64 183 19 154 42 70 54 146 171 114 186 9 69 2 19 52 102 129 160 164 168 24 148 83 1 40 161 0 81 84 192 74 51 72 118 10 74 44 32 162 129 133 37 33 5 37 48 18 150 144 13 165 160 98 81 76 67 105 77 0 37 37 3 10 74 98 10 40 24 218 40 24 82 80 32 164 160 97 73 72 97 73 76 66 81 76 98 81 76 4 164 205 32 18 146 152 9 73 64 206 186 157 159 122 131 17 217 226 156 13 73 152 187 169 55 113 76 165 176 23 226 163 38 149 192 140 53 52 154 161 11 187 20 210 105 92 64 88 147 73 154 118 11 8 77 55 52 108 49 180 148 198 54 142 212 138 27 73 76 97 73 64 196 164 52 128 41 13 0 20 148 88 87 10 40 1 40 161 0 148 180 49 133 37 43 0 148 83 1 41 104 99 16 209 83 112 10 74 161 9 69 3 18 138 4 20 148 0 102 146 129 160 20 157 105 128 148 180 132 38 104 166 80 218 41 128 148 80 2 81 64 132 162 129 137 69 49 137 69 0 20 149 34 18 146 152 196 162 168 98 82 82 25 213 238 52 10 206 198 3 129 165 221 72 5 221 205 27 168 16 210 213 25 52 108 33 185 
164 207 189 80 5 25 226 144 13 205 38 113 85 97 134 125 105 40 216 44 54 138 7 97 41 41 140 74 76 210 1 51 205 39 122 98 182 162 81 72 176 164 160 66 115 69 43 136 40 164 198 20 148 88 2 138 0 78 244 83 0 164 160 4 165 161 140 74 40 1 51 69 12 65 69 23 24 148 82 16 148 148 198 20 134 129 9 69 5 88 51 73 76 65 73 64 196 160 213 8 41 42 70 20 148 0 82 83 24 148 83 24 117 164 169 36 41 41 140 74 13 3 18 146 168 5 166 26 16 209 212 208 42 27 50 0 
79 225 70 227 89 245 16 165 186 117 164 221 78 194 27 154 41 128 210 105 42 180 16 157 105 51 233 72 3 181 31 90 3 200 74 40 99 27 244 163 181 63 32 
19 52 149 37 9 69 80 49 41 41 128 82 82 0 164 205 1 109 67 189 21 61 68 37 20 12 74 41 140 74 40 16 81 73 128 82 83 184 196 239 75 64 132 162 152 196 162 146 0 164 160 4 162 144 9 69 80 9 69 32 18 146 152 197 164 160 4 162 152 9 70 104 1 40 166 2 81 72 97 73 64 194 146 128 10 74 66 10 74 99 176 81 64 9 69 48 18 154 105 140 233 186 26 66 223 45 67 212 199 212 92 210 102 139 3 12 210 82 16 102 147 113 245 160 44 25 164 52 15 65 51 69 2 176 134 140 208 32 205 37 87 40 238 37 37 32 66 82 81 113 133 20 135 97 180 85 140 51 73 80 32 52 148 193 9 75 72 4 162 128 10 76 211 0 164 160 5 164 169 24 148 83 0 162 128 18 146 168 97 154 51 82 33 51 69 48 18 138 64 20 148 192 78 244 80 1 73 76 98 81 72 97 73 76 2 146 129 5 37 3 10 74 4 20 83 24 148 82 16 82 80 48 164 166 1 73 64 194 146 129 133 71 33 192 160 14 147 52 135 175 165 35 156 92 241 69 72 236 38 105 50 104 11 6 105 115 154 111 65 216 74 79 229 64 88 51 69 54 33 51 70 106 108 52 132 29 104 166 201 176 148 148 134 20 148 20 130 146 152 196 162 129 9 154 40 24 148 166 129 9 71 106 6 132 162 134 2 82 82 0 160 154 125 64 40 160 2 147 189 32 18 138 96 20 82 1 41 40 67 10 40 16 148 83 1 40 166 49 40 164 1 73 72 4 162 168 98 82 208 3 104 160 97 72 104 185 33 69 49 137 69 3 10 74 68 133 38 105 216 97 73 64 194 138 4 20 148 134 37 67 55 74 162 145 210 103 218 138 147 1 51 138 90 0 76 
210 228 210 178 11 6 104 205 46 160 37 29 170 129 133 54 167 160 6 104 170 186 16 10 42 116 42 218 9 77 170 36 92 241 73 69 134 25 226 144 154 2 192 
77 21 59 0 218 42 155 24 81 64 9 69 32 18 138 1 9 69 22 24 82 30 180 9 11 77 162 227 10 40 96 37 20 0 81 64 9 69 49 137 69 38 1 73 76 65 73 64 196 165 160 99 104 166 1 69 32 18 146 128 10 74 96 20 80 2 81 70 192 20 148 0 82 82 0 162 168 98 81 64 5 20 132 37 20 12 42 172 198 153 81 58 90 78 220 84 
153 219 80 45 70 238 41 50 121 64 125 41 115 75 97 160 162 152 5 37 2 184 148 80 1 154 51 65 54 19 52 85 61 17 65 73 82 72 82 80 80 82 81 96 19 189 20 192 40 169 176 8 105 41 161 160 164 160 27 10 40 4 20 148 0 19 70 104 176 132 162 129 134 104 160 6 210 208 1 154 74 1 9 69 48 1 73 64 194 146 144 
5 37 49 133 37 0 20 148 8 40 164 48 166 230 152 5 20 0 82 80 1 73 84 1 75 72 6 210 82 0 162 152 194 138 96 20 148 128 41 13 0 21 82 110 180 209 164 78 147 117 25 162 70 65 73 159 210 160 87 22 151 173 15 107 136 78 244 185 163 112 98 82 142 244 201 19 52 80 236 1 73 75 200 2 144 154 67 65 73 84 134 208 82 81 113 5 20 128 74 40 6 37 20 192 40 169 1 41 51 64 11 214 146 168 104 74 41 20 20 148 18 20 81 204 1 73 64 9 214 138 67 10 41 128 82 81 176 5 37 3 10 40 36 74 51 69 134 37 20 0 148 83 24 82 80 2 102 138 6 37 20 128 74 41 136 40 166 48 164 164 32 164 160 2 146 152 197 162 128 18 138 6 37 
20 192 107 85 73 15 205 72 210 39 77 73 73 152 5 21 22 184 199 119 164 20 250 16 194 138 6 37 25 226 155 13 2 138 4 20 83 184 88 109 29 232 184 1 165 169 220 87 27 73 84 2 209 72 104 109 45 5 13 165 166 33 41 41 13 5 6 150 194 1 73 76 66 81 64 194 138 64 25 164 160 98 119 165 170 16 148 82 24 134 
142 244 0 82 83 0 164 164 48 164 166 132 20 81 112 18 138 6 20 148 0 148 83 1 40 164 48 162 128 18 146 129 139 69 50 68 162 144 9 69 49 133 20 192 74 41 0 82 80 48 162 128 24 253 42 155 117 166 141 34 116 222 212 149 30 102 45 220 76 210 244 52 208 133 29 105 104 98 176 148 103 52 172 80 126 52 83 32 41 51 205 72 197 164 60 83 0 162 168 65 73 154 129 5 52 213 12 90 74 72 160 163 52 88 66 102 147 189 3 10 74 96 20 148 11 96 160 210 1 41 104 40 
41 41 18 37 20 202 10 40 36 76 209 76 161 40 164 1 73 64 132 165 166 49 51 73 64 172 20 148 198 20 82 1 40 166 48 164 164 1 73 76 5 164 160 2 146 152 5 20 128 74 40 0 164 160 2 138 64 20 83 24 148 180 8 74 74 6 49 250 85 70 170 70 145 58 83 77 247 168 216 202 218 133 56 123 212 243 19 32 165 231 154 123 133 130 147 218 152 194 142 244 18 6 138 66 107 65 40 239 84 1 69 33 137 223 20 119 169 234 2 10 40 220 4 160 85 12 51 69 32 18 138 119 36 90 
105 169 230 28 66 146 159 48 216 118 164 167 176 11 73 83 112 10 74 96 37 20 0 81 64 13 165 166 202 10 74 66 176 82 102 128 10 74 99 10 41 0 148 148 
198 25 165 161 136 109 20 0 82 80 1 69 49 133 20 132 37 20 192 41 41 8 40 160 98 81 76 2 138 64 37 20 198 37 45 12 2 146 129 17 201 85 90 154 53 71 255 217